class implementing CRTP, uses, developer, email, edit time, definition file path, line

virtual function, calls, developer, email, edit time, definition file path, line
CButtonArrayTest::connect, //0, //patacongo, //patacongo@42af7a65-404d-4744-a932-0658087f49c3, //20120322, //NxWidgets/UnitTests/CButtonArray/cbuttonarraytest.cxx, //95
NXWidgets::CButtonArray::isButtonClicked, //0, //patacongo, //patacongo@42af7a65-404d-4744-a932-0658087f49c3, //20120322, //NxWidgets/libnxwidgets/src/cbuttonarray.cxx, //167
NXWidgets::CButtonArray::isCursorPosition, //0, //patacongo, //patacongo@42af7a65-404d-4744-a932-0658087f49c3, //20120322, //NxWidgets/libnxwidgets/src/cbuttonarray.cxx, //319
NXWidgets::CButtonArray::setCursorPosition, //0, //patacongo, //patacongo@42af7a65-404d-4744-a932-0658087f49c3, //20120322, //NxWidgets/libnxwidgets/src/cbuttonarray.cxx, //263
NXWidgets::CButtonArray::setText, //0, //patacongo, //patacongo@42af7a65-404d-4744-a932-0658087f49c3, //20120322, //NxWidgets/libnxwidgets/src/cbuttonarray.cxx, //149
NXWidgets::CRlePaletteBitmap::getBitsPerPixel, //0, //patacongo, //patacongo@42af7a65-404d-4744-a932-0658087f49c3, //20120322, //NxWidgets/libnxwidgets/src/crlepalettebitmap.cxx, //124
NXWidgets::CRlePaletteBitmap::getColorFormat, //0, //patacongo, //patacongo@42af7a65-404d-4744-a932-0658087f49c3, //20120322, //NxWidgets/libnxwidgets/src/crlepalettebitmap.cxx, //113
NXWidgets::CRlePaletteBitmap::getHeight, //0, //patacongo, //patacongo@42af7a65-404d-4744-a932-0658087f49c3, //20120322, //NxWidgets/libnxwidgets/src/crlepalettebitmap.cxx, //146
NXWidgets::CRlePaletteBitmap::getStride, //0, //patacongo, //patacongo@42af7a65-404d-4744-a932-0658087f49c3, //20120322, //NxWidgets/libnxwidgets/src/crlepalettebitmap.cxx, //157
NXWidgets::CRlePaletteBitmap::getWidth, //0, //patacongo, //patacongo@42af7a65-404d-4744-a932-0658087f49c3, //20120322, //NxWidgets/libnxwidgets/src/crlepalettebitmap.cxx, //135
NXWidgets::CBgWindow::bitmap, //0, //patacongo, //patacongo@42af7a65-404d-4744-a932-0658087f49c3, //20120322, //NxWidgets/libnxwidgets/src/cbgwindow.cxx, //356
NXWidgets::CBgWindow::getPosition, //0, //patacongo, //patacongo@42af7a65-404d-4744-a932-0658087f49c3, //20120322, //NxWidgets/libnxwidgets/src/cbgwindow.cxx, //139
NXWidgets::CBgWindow::getRectangle, //0, //patacongo, //patacongo@42af7a65-404d-4744-a932-0658087f49c3, //20120322, //NxWidgets/libnxwidgets/src/cbgwindow.cxx, //265
NXWidgets::CBgWindow::getSize, //0, //patacongo, //patacongo@42af7a65-404d-4744-a932-0658087f49c3, //20120322, //NxWidgets/libnxwidgets/src/cbgwindow.cxx, //155
NXWidgets::CBgWindow::lower, //0, //patacongo, //patacongo@42af7a65-404d-4744-a932-0658087f49c3, //20120322, //NxWidgets/libnxwidgets/src/cbgwindow.cxx, //213
NXWidgets::CBgWindow::move, //0, //patacongo, //patacongo@42af7a65-404d-4744-a932-0658087f49c3, //20120322, //NxWidgets/libnxwidgets/src/cbgwindow.cxx, //333
NXWidgets::CBgWindow::open, //0, //patacongo, //patacongo@42af7a65-404d-4744-a932-0658087f49c3, //20120322, //NxWidgets/libnxwidgets/src/cbgwindow.cxx, //96
NXWidgets::CBgWindow::raise, //0, //patacongo, //patacongo@42af7a65-404d-4744-a932-0658087f49c3, //20120322, //NxWidgets/libnxwidgets/src/cbgwindow.cxx, //199
NXWidgets::CBgWindow::requestPosition, //0, //patacongo, //patacongo@42af7a65-404d-4744-a932-0658087f49c3, //20120322, //NxWidgets/libnxwidgets/src/cbgwindow.cxx, //125
NXWidgets::CBgWindow::setPosition, //0, //patacongo, //patacongo@42af7a65-404d-4744-a932-0658087f49c3, //20120322, //NxWidgets/libnxwidgets/src/cbgwindow.cxx, //169
NXWidgets::CBgWindow::setSize, //0, //patacongo, //patacongo@42af7a65-404d-4744-a932-0658087f49c3, //20120322, //NxWidgets/libnxwidgets/src/cbgwindow.cxx, //185
CTextBoxTest::connect, //0, //patacongo, //patacongo@42af7a65-404d-4744-a932-0658087f49c3, //20120322, //NxWidgets/UnitTests/CTextBox/ctextboxtest.cxx, //97
CTextBoxTest::disconnect, //0, //patacongo, //patacongo@42af7a65-404d-4744-a932-0658087f49c3, //20120322, //NxWidgets/UnitTests/CTextBox/ctextboxtest.cxx, //127
NXWidgets::CNxServer::connect, //0, //patacongo, //patacongo@42af7a65-404d-4744-a932-0658087f49c3, //20120322, //NxWidgets/libnxwidgets/src/cnxserver.cxx, //121
NXWidgets::CNxServer::disconnect, //0, //patacongo, //patacongo@42af7a65-404d-4744-a932-0658087f49c3, //20120322, //NxWidgets/libnxwidgets/src/cnxserver.cxx, //290
CGlyphButtonTest::connect, //0, //patacongo, //patacongo@42af7a65-404d-4744-a932-0658087f49c3, //20120322, //NxWidgets/UnitTests/CGlyphButton/cglyphbuttontest.cxx, //97
CGlyphButtonTest::disconnect, //0, //patacongo, //patacongo@42af7a65-404d-4744-a932-0658087f49c3, //20120322, //NxWidgets/UnitTests/CGlyphButton/cglyphbuttontest.cxx, //117
CLatchButtonTest::connect, //0, //patacongo, //patacongo@42af7a65-404d-4744-a932-0658087f49c3, //20120322, //NxWidgets/UnitTests/CLatchButton/clatchbuttontest.cxx, //96
CLatchButtonTest::disconnect, //0, //patacongo, //patacongo@42af7a65-404d-4744-a932-0658087f49c3, //20120322, //NxWidgets/UnitTests/CLatchButton/clatchbuttontest.cxx, //126
CScrollbarVerticalTest::connect, //0, //patacongo, //patacongo@42af7a65-404d-4744-a932-0658087f49c3, //20120322, //NxWidgets/UnitTests/CScrollbarVertical/cscrollbarverticaltest.cxx, //97
NXWidgets::CScrollbarVertical::getMaximumValue, //0, //patacongo, //patacongo@42af7a65-404d-4744-a932-0658087f49c3, //20120322, //NxWidgets/libnxwidgets/src/cscrollbarvertical.cxx, //174
NXWidgets::CScrollbarVertical::getMinimumValue, //0, //patacongo, //patacongo@42af7a65-404d-4744-a932-0658087f49c3, //20120322, //NxWidgets/libnxwidgets/src/cscrollbarvertical.cxx, //163
NXWidgets::CScrollbarVertical::getValue, //0, //patacongo, //patacongo@42af7a65-404d-4744-a932-0658087f49c3, //20120322, //NxWidgets/libnxwidgets/src/cscrollbarvertical.cxx, //185
CSliderVerticalTest::connect, //0, //patacongo, //patacongo@42af7a65-404d-4744-a932-0658087f49c3, //20120322, //NxWidgets/UnitTests/CSliderVertical/csliderverticaltest.cxx, //98
NXWidgets::CSliderVertical::getMaximumValue, //0, //patacongo, //patacongo@42af7a65-404d-4744-a932-0658087f49c3, //20120322, //NxWidgets/libnxwidgets/include/cslidervertical.hxx, //233
NXWidgets::CSliderVertical::getMinimumValue, //0, //patacongo, //patacongo@42af7a65-404d-4744-a932-0658087f49c3, //20120322, //NxWidgets/libnxwidgets/include/cslidervertical.hxx, //222
NXWidgets::CSliderVertical::getValue, //0, //patacongo, //patacongo@42af7a65-404d-4744-a932-0658087f49c3, //20120322, //NxWidgets/libnxwidgets/include/cslidervertical.hxx, //243
NXWidgets::CSliderVertical::setMaximumValue, //0, //patacongo, //patacongo@42af7a65-404d-4744-a932-0658087f49c3, //20120322, //NxWidgets/libnxwidgets/include/cslidervertical.hxx, //281
NXWidgets::CSliderVertical::setMinimumValue, //0, //patacongo, //patacongo@42af7a65-404d-4744-a932-0658087f49c3, //20120322, //NxWidgets/libnxwidgets/include/cslidervertical.hxx, //268
NXWidgets::CNxWidget::onResize, //0, //patacongo, //patacongo@42af7a65-404d-4744-a932-0658087f49c3, //20120322, //NxWidgets/libnxwidgets/include/cnxwidget.hxx, //460
NXWidgets::CScrollbarVertical::getPageSize, //0, //patacongo, //patacongo@42af7a65-404d-4744-a932-0658087f49c3, //20120322, //NxWidgets/libnxwidgets/src/cscrollbarvertical.cxx, //199
NXWidgets::CScrollbarVertical::handleActionEvent, //0, //patacongo, //patacongo@42af7a65-404d-4744-a932-0658087f49c3, //20120322, //NxWidgets/libnxwidgets/src/cscrollbarvertical.cxx, //270
NXWidgets::CScrollbarVertical::handleClickEvent, //0, //patacongo, //patacongo@42af7a65-404d-4744-a932-0658087f49c3, //20120322, //NxWidgets/libnxwidgets/src/cscrollbarvertical.cxx, //301
NXWidgets::CScrollbarVertical::handleReleaseEvent, //0, //patacongo, //patacongo@42af7a65-404d-4744-a932-0658087f49c3, //20120322, //NxWidgets/libnxwidgets/src/cscrollbarvertical.cxx, //333
NXWidgets::CScrollbarVertical::handleReleaseOutsideEvent, //0, //patacongo, //patacongo@42af7a65-404d-4744-a932-0658087f49c3, //20120322, //NxWidgets/libnxwidgets/src/cscrollbarvertical.cxx, //349
NXWidgets::CScrollbarVertical::handleValueChangeEvent, //0, //patacongo, //patacongo@42af7a65-404d-4744-a932-0658087f49c3, //20120322, //NxWidgets/libnxwidgets/src/cscrollbarvertical.cxx, //365
NXWidgets::CScrollbarVertical::setValueWithBitshift, //0, //patacongo, //patacongo@42af7a65-404d-4744-a932-0658087f49c3, //20120322, //NxWidgets/libnxwidgets/src/cscrollbarvertical.cxx, //247
NXWidgets::CWidgetEventHandler::handleActionEvent, //0, //patacongo, //patacongo@42af7a65-404d-4744-a932-0658087f49c3, //20120322, //NxWidgets/libnxwidgets/include/cwidgeteventhandler.hxx, //294
NXWidgets::CWidgetEventHandler::handleClickEvent, //0, //patacongo, //patacongo@42af7a65-404d-4744-a932-0658087f49c3, //20120322, //NxWidgets/libnxwidgets/include/cwidgeteventhandler.hxx, //124
NXWidgets::CWidgetEventHandler::handleReleaseEvent, //0, //patacongo, //patacongo@42af7a65-404d-4744-a932-0658087f49c3, //20120322, //NxWidgets/libnxwidgets/include/cwidgeteventhandler.hxx, //149
NXWidgets::CWidgetEventHandler::handleReleaseOutsideEvent, //0, //patacongo, //patacongo@42af7a65-404d-4744-a932-0658087f49c3, //20120322, //NxWidgets/libnxwidgets/include/cwidgeteventhandler.hxx, //158
NXWidgets::CWidgetEventHandler::handleValueChangeEvent, //0, //patacongo, //patacongo@42af7a65-404d-4744-a932-0658087f49c3, //20120322, //NxWidgets/libnxwidgets/include/cwidgeteventhandler.hxx, //238
CProgressBarTest::connect, //0, //patacongo, //patacongo@42af7a65-404d-4744-a932-0658087f49c3, //20120322, //NxWidgets/UnitTests/CProgressBar/cprogressbartest.cxx, //97
CLatchButtonArrayTest::connect, //0, //patacongo, //patacongo@42af7a65-404d-4744-a932-0658087f49c3, //20120322, //NxWidgets/UnitTests/CLatchButtonArray/clatchbuttonarraytest.cxx, //95
CLatchButtonArrayTest::disconnect, //0, //patacongo, //patacongo@42af7a65-404d-4744-a932-0658087f49c3, //20120322, //NxWidgets/UnitTests/CLatchButtonArray/clatchbuttonarraytest.cxx, //115
NXWidgets::CButton::drawContents, //0, //patacongo, //patacongo@42af7a65-404d-4744-a932-0658087f49c3, //20120322, //NxWidgets/libnxwidgets/src/cbutton.cxx, //175
NXWidgets::CButton::onClick, //0, //patacongo, //patacongo@42af7a65-404d-4744-a932-0658087f49c3, //20120322, //NxWidgets/libnxwidgets/src/cbutton.cxx, //272
NXWidgets::CRadioButton::drawContents, //0, //patacongo, //patacongo@42af7a65-404d-4744-a932-0658087f49c3, //20120322, //NxWidgets/libnxwidgets/src/cradiobutton.cxx, //156
NXWidgets::CRadioButton::onClick, //0, //patacongo, //patacongo@42af7a65-404d-4744-a932-0658087f49c3, //20120322, //NxWidgets/libnxwidgets/src/cradiobutton.cxx, //222
NXWidgets::CRadioButton::setState, //0, //patacongo, //patacongo@42af7a65-404d-4744-a932-0658087f49c3, //20120322, //NxWidgets/libnxwidgets/src/cradiobutton.cxx, //132
NXWidgets::CRadioButtonGroup::setSelectedWidget, //0, //patacongo, //patacongo@42af7a65-404d-4744-a932-0658087f49c3, //20120322, //NxWidgets/libnxwidgets/src/cradiobuttongroup.cxx, //194
CSliderVerticalTest::disconnect, //0, //patacongo, //patacongo@42af7a65-404d-4744-a932-0658087f49c3, //20120322, //NxWidgets/UnitTests/CSliderVertical/csliderverticaltest.cxx, //118
CKeypadTest::connect, //0, //patacongo, //patacongo@42af7a65-404d-4744-a932-0658087f49c3, //20120322, //NxWidgets/UnitTests/CKeypad/ckeypadtest.cxx, //101
NXWidgets::CNxWidget::drawBorder, //0, //patacongo, //patacongo@42af7a65-404d-4744-a932-0658087f49c3, //20120322, //NxWidgets/libnxwidgets/include/cnxwidget.hxx, //254
NXWidgets::CNxWidget::drawContents, //0, //patacongo, //patacongo@42af7a65-404d-4744-a932-0658087f49c3, //20120322, //NxWidgets/libnxwidgets/include/cnxwidget.hxx, //244
NXWidgets::CNxWidget::getPreferredDimensions, //0, //patacongo, //patacongo@42af7a65-404d-4744-a932-0658087f49c3, //20120322, //NxWidgets/libnxwidgets/src/cnxwidget.cxx, //435
NXWidgets::CNxWidget::onBlur, //0, //patacongo, //patacongo@42af7a65-404d-4744-a932-0658087f49c3, //20120322, //NxWidgets/libnxwidgets/include/cnxwidget.hxx, //433
NXWidgets::CNxWidget::onClick, //0, //patacongo, //patacongo@42af7a65-404d-4744-a932-0658087f49c3, //20120322, //NxWidgets/libnxwidgets/include/cnxwidget.hxx, //352
NXWidgets::CNxWidget::onDisable, //0, //patacongo, //patacongo@42af7a65-404d-4744-a932-0658087f49c3, //20120322, //NxWidgets/libnxwidgets/include/cnxwidget.hxx, //449
NXWidgets::CNxWidget::onDoubleClick, //0, //patacongo, //patacongo@42af7a65-404d-4744-a932-0658087f49c3, //20120322, //NxWidgets/libnxwidgets/include/cnxwidget.hxx, //365
NXWidgets::CNxWidget::onDrag, //0, //patacongo, //patacongo@42af7a65-404d-4744-a932-0658087f49c3, //20120322, //NxWidgets/libnxwidgets/include/cnxwidget.hxx, //400
NXWidgets::CNxWidget::onDragStart, //0, //patacongo, //patacongo@42af7a65-404d-4744-a932-0658087f49c3, //20120322, //NxWidgets/libnxwidgets/include/cnxwidget.hxx, //409
NXWidgets::CNxWidget::onDragStop, //0, //patacongo, //patacongo@42af7a65-404d-4744-a932-0658087f49c3, //20120322, //NxWidgets/libnxwidgets/include/cnxwidget.hxx, //417
NXWidgets::CNxWidget::onEnable, //0, //patacongo, //patacongo@42af7a65-404d-4744-a932-0658087f49c3, //20120322, //NxWidgets/libnxwidgets/include/cnxwidget.hxx, //441
NXWidgets::CNxWidget::onFocus, //0, //patacongo, //patacongo@42af7a65-404d-4744-a932-0658087f49c3, //20120322, //NxWidgets/libnxwidgets/include/cnxwidget.hxx, //425
NXWidgets::CNxWidget::onRelease, //0, //patacongo, //patacongo@42af7a65-404d-4744-a932-0658087f49c3, //20120322, //NxWidgets/libnxwidgets/include/cnxwidget.hxx, //376
NXWidgets::CNxWidget::onReleaseOutside, //0, //patacongo, //patacongo@42af7a65-404d-4744-a932-0658087f49c3, //20120322, //NxWidgets/libnxwidgets/include/cnxwidget.hxx, //387
NXWidgets::CNxWidget::setFont, //0, //patacongo, //patacongo@42af7a65-404d-4744-a932-0658087f49c3, //20120322, //NxWidgets/libnxwidgets/src/cnxwidget.cxx, //549
NXWidgets::CNxWidget::swapWidgetDepth, //0, //patacongo, //patacongo@42af7a65-404d-4744-a932-0658087f49c3, //20120322, //NxWidgets/libnxwidgets/src/cnxwidget.cxx, //1894
NXWidgets::CListDataItem::compareTo, //0, //patacongo, //patacongo@42af7a65-404d-4744-a932-0658087f49c3, //20120322, //NxWidgets/libnxwidgets/src/clistdataitem.cxx, //125
NXWidgets::CSliderHorizontalGrip::drawBorder, //0, //patacongo, //patacongo@42af7a65-404d-4744-a932-0658087f49c3, //20120322, //NxWidgets/libnxwidgets/src/csliderhorizontalgrip.cxx, //147
NXWidgets::CSliderHorizontalGrip::drawContents, //0, //patacongo, //patacongo@42af7a65-404d-4744-a932-0658087f49c3, //20120322, //NxWidgets/libnxwidgets/src/csliderhorizontalgrip.cxx, //119
NXWidgets::CSliderHorizontalGrip::onClick, //0, //patacongo, //patacongo@42af7a65-404d-4744-a932-0658087f49c3, //20120322, //NxWidgets/libnxwidgets/src/csliderhorizontalgrip.cxx, //173
NXWidgets::CSliderHorizontalGrip::onDrag, //0, //patacongo, //patacongo@42af7a65-404d-4744-a932-0658087f49c3, //20120322, //NxWidgets/libnxwidgets/src/csliderhorizontalgrip.cxx, //212
NXWidgets::CSliderHorizontalGrip::onRelease, //0, //patacongo, //patacongo@42af7a65-404d-4744-a932-0658087f49c3, //20120322, //NxWidgets/libnxwidgets/src/csliderhorizontalgrip.cxx, //186
NXWidgets::CSliderHorizontalGrip::onReleaseOutside, //0, //patacongo, //patacongo@42af7a65-404d-4744-a932-0658087f49c3, //20120322, //NxWidgets/libnxwidgets/src/csliderhorizontalgrip.cxx, //198
CImageTest::connect, //0, //patacongo, //patacongo@42af7a65-404d-4744-a932-0658087f49c3, //20120322, //NxWidgets/UnitTests/CImage/cimagetest.cxx, //96
NXWidgets::CSliderHorizontal::drawBorder, //0, //patacongo, //patacongo@42af7a65-404d-4744-a932-0658087f49c3, //20120322, //NxWidgets/libnxwidgets/src/csliderhorizontal.cxx, //311
NXWidgets::CSliderHorizontal::drawContents, //0, //patacongo, //patacongo@42af7a65-404d-4744-a932-0658087f49c3, //20120322, //NxWidgets/libnxwidgets/src/csliderhorizontal.cxx, //293
NXWidgets::CSliderHorizontal::getMaximumValue, //0, //patacongo, //patacongo@42af7a65-404d-4744-a932-0658087f49c3, //20120322, //NxWidgets/libnxwidgets/include/csliderhorizontal.hxx, //232
NXWidgets::CSliderHorizontal::getMinimumValue, //0, //patacongo, //patacongo@42af7a65-404d-4744-a932-0658087f49c3, //20120322, //NxWidgets/libnxwidgets/include/csliderhorizontal.hxx, //221
NXWidgets::CSliderHorizontal::getPageSize, //0, //patacongo, //patacongo@42af7a65-404d-4744-a932-0658087f49c3, //20120322, //NxWidgets/libnxwidgets/include/csliderhorizontal.hxx, //257
NXWidgets::CSliderHorizontal::getValue, //0, //patacongo, //patacongo@42af7a65-404d-4744-a932-0658087f49c3, //20120322, //NxWidgets/libnxwidgets/include/csliderhorizontal.hxx, //243
NXWidgets::CSliderHorizontal::handleDragEvent, //0, //patacongo, //patacongo@42af7a65-404d-4744-a932-0658087f49c3, //20120322, //NxWidgets/libnxwidgets/src/csliderhorizontal.cxx, //202
NXWidgets::CSliderHorizontal::setMaximumValue, //0, //patacongo, //patacongo@42af7a65-404d-4744-a932-0658087f49c3, //20120322, //NxWidgets/libnxwidgets/include/csliderhorizontal.hxx, //281
NXWidgets::CSliderHorizontal::setMinimumValue, //0, //patacongo, //patacongo@42af7a65-404d-4744-a932-0658087f49c3, //20120322, //NxWidgets/libnxwidgets/include/csliderhorizontal.hxx, //268
NXWidgets::CSliderHorizontal::setPageSize, //0, //patacongo, //patacongo@42af7a65-404d-4744-a932-0658087f49c3, //20120322, //NxWidgets/libnxwidgets/include/csliderhorizontal.hxx, //315
NXWidgets::CSliderHorizontal::setValueWithBitshift, //0, //patacongo, //patacongo@42af7a65-404d-4744-a932-0658087f49c3, //20120322, //NxWidgets/libnxwidgets/src/csliderhorizontal.cxx, //154
NXWidgets::CWidgetEventHandler::handleDragEvent, //0, //patacongo, //patacongo@42af7a65-404d-4744-a932-0658087f49c3, //20120322, //NxWidgets/libnxwidgets/include/cwidgeteventhandler.hxx, //132
CProgressBarTest::disconnect, //0, //patacongo, //patacongo@42af7a65-404d-4744-a932-0658087f49c3, //20120322, //NxWidgets/UnitTests/CProgressBar/cprogressbartest.cxx, //117
NXWidgets::CButtonArray::drawContents, //0, //patacongo, //patacongo@42af7a65-404d-4744-a932-0658087f49c3, //20120322, //NxWidgets/libnxwidgets/src/cbuttonarray.cxx, //362
NXWidgets::CStickyButtonArray::drawContents, //0, //patacongo, //patacongo@42af7a65-404d-4744-a932-0658087f49c3, //20120322, //NxWidgets/libnxwidgets/src/cstickybuttonarray.cxx, //203
NXWidgets::CStickyButtonArray::isAnyButtonStuckDown, //0, //patacongo, //patacongo@42af7a65-404d-4744-a932-0658087f49c3, //20120322, //NxWidgets/libnxwidgets/src/cstickybuttonarray.cxx, //100
NXWidgets::CStickyButtonArray::isThisButtonStuckDown, //0, //patacongo, //patacongo@42af7a65-404d-4744-a932-0658087f49c3, //20120322, //NxWidgets/libnxwidgets/src/cstickybuttonarray.cxx, //120
NXWidgets::CStickyButtonArray::stickDown, //0, //patacongo, //patacongo@42af7a65-404d-4744-a932-0658087f49c3, //20120322, //NxWidgets/libnxwidgets/src/cstickybuttonarray.cxx, //146
NXWidgets::CStickyButtonArray::unstick, //0, //patacongo, //patacongo@42af7a65-404d-4744-a932-0658087f49c3, //20120322, //NxWidgets/libnxwidgets/src/cstickybuttonarray.cxx, //177
NXWidgets::CListData::addItem, //0, //patacongo, //patacongo@42af7a65-404d-4744-a932-0658087f49c3, //20120322, //NxWidgets/libnxwidgets/src/clistdata.cxx, //133
NXWidgets::CListData::allowsMultipleSelections, //0, //patacongo, //patacongo@42af7a65-404d-4744-a932-0658087f49c3, //20120322, //NxWidgets/libnxwidgets/include/clistdata.hxx, //311
NXWidgets::CListData::deselectAllItems, //0, //patacongo, //patacongo@42af7a65-404d-4744-a932-0658087f49c3, //20120322, //NxWidgets/libnxwidgets/src/clistdata.cxx, //299
NXWidgets::CListData::deselectItem, //0, //patacongo, //patacongo@42af7a65-404d-4744-a932-0658087f49c3, //20120322, //NxWidgets/libnxwidgets/src/clistdata.cxx, //193
NXWidgets::CListData::getItem, //0, //patacongo, //patacongo@42af7a65-404d-4744-a932-0658087f49c3, //20120322, //NxWidgets/libnxwidgets/include/clistdata.hxx, //260
NXWidgets::CListData::getItemCount, //0, //patacongo, //patacongo@42af7a65-404d-4744-a932-0658087f49c3, //20120322, //NxWidgets/libnxwidgets/include/clistdata.hxx, //277
NXWidgets::CListData::getSelectedIndex, //0, //patacongo, //patacongo@42af7a65-404d-4744-a932-0658087f49c3, //20120322, //NxWidgets/libnxwidgets/src/clistdata.cxx, //222
NXWidgets::CListData::getSelectedItem, //0, //patacongo, //patacongo@42af7a65-404d-4744-a932-0658087f49c3, //20120322, //NxWidgets/libnxwidgets/src/clistdata.cxx, //255
NXWidgets::CListData::quickSort, //0, //patacongo, //patacongo@42af7a65-404d-4744-a932-0658087f49c3, //20120322, //NxWidgets/libnxwidgets/src/clistdata.cxx, //365
NXWidgets::CListData::removeAllItems, //0, //patacongo, //patacongo@42af7a65-404d-4744-a932-0658087f49c3, //20120322, //NxWidgets/libnxwidgets/src/clistdata.cxx, //202
NXWidgets::CListData::removeItem, //0, //patacongo, //patacongo@42af7a65-404d-4744-a932-0658087f49c3, //20120322, //NxWidgets/libnxwidgets/src/clistdata.cxx, //159
NXWidgets::CListData::selectAllItems, //0, //patacongo, //patacongo@42af7a65-404d-4744-a932-0658087f49c3, //20120322, //NxWidgets/libnxwidgets/src/clistdata.cxx, //282
NXWidgets::CListData::selectItem, //0, //patacongo, //patacongo@42af7a65-404d-4744-a932-0658087f49c3, //20120322, //NxWidgets/libnxwidgets/src/clistdata.cxx, //182
NXWidgets::CListData::setAllowMultipleSelections, //0, //patacongo, //patacongo@42af7a65-404d-4744-a932-0658087f49c3, //20120322, //NxWidgets/libnxwidgets/include/clistdata.hxx, //249
NXWidgets::CListData::setSelectedIndex, //0, //patacongo, //patacongo@42af7a65-404d-4744-a932-0658087f49c3, //20120322, //NxWidgets/libnxwidgets/src/clistdata.cxx, //244
NXWidgets::CListData::setSortInsertedItems, //0, //patacongo, //patacongo@42af7a65-404d-4744-a932-0658087f49c3, //20120322, //NxWidgets/libnxwidgets/include/clistdata.hxx, //323
NXWidgets::CListData::sort, //0, //patacongo, //patacongo@42af7a65-404d-4744-a932-0658087f49c3, //20120322, //NxWidgets/libnxwidgets/src/clistdata.cxx, //271
NXWidgets::CListData::swapItems, //0, //patacongo, //patacongo@42af7a65-404d-4744-a932-0658087f49c3, //20120322, //NxWidgets/libnxwidgets/src/clistdata.cxx, //409
NXWidgets::CImage::drawBorder, //0, //patacongo, //patacongo@42af7a65-404d-4744-a932-0658087f49c3, //20120322, //NxWidgets/libnxwidgets/src/cimage.cxx, //305
NXWidgets::CImage::drawContents, //0, //patacongo, //patacongo@42af7a65-404d-4744-a932-0658087f49c3, //20120322, //NxWidgets/libnxwidgets/src/cimage.cxx, //160
NXWidgets::CImage::getPreferredDimensions, //0, //patacongo, //patacongo@42af7a65-404d-4744-a932-0658087f49c3, //20120322, //NxWidgets/libnxwidgets/src/cimage.cxx, //135
CCheckBoxTest::connect, //0, //patacongo, //patacongo@42af7a65-404d-4744-a932-0658087f49c3, //20120322, //NxWidgets/UnitTests/CCheckBox/ccheckboxtest.cxx, //100
CCheckBoxTest::disconnect, //0, //patacongo, //patacongo@42af7a65-404d-4744-a932-0658087f49c3, //20120322, //NxWidgets/UnitTests/CCheckBox/ccheckboxtest.cxx, //120
NXWidgets::CCheckBox::getState, //0, //patacongo, //patacongo@42af7a65-404d-4744-a932-0658087f49c3, //20120322, //NxWidgets/libnxwidgets/include/ccheckbox.hxx, //192
CThingSayer::Initialize, //0, //patacongo, //patacongo@42af7a65-404d-4744-a932-0658087f49c3, //20111219, //apps/examples/nxflat/tests/hello++/hello++4.cpp, //108
NXWidgets::CButton::drawBorder, //0, //patacongo, //patacongo@42af7a65-404d-4744-a932-0658087f49c3, //20120322, //NxWidgets/libnxwidgets/src/cbutton.cxx, //232
NXWidgets::CCheckBox::drawBorder, //0, //patacongo, //patacongo@42af7a65-404d-4744-a932-0658087f49c3, //20120322, //NxWidgets/libnxwidgets/src/ccheckbox.cxx, //219
NXWidgets::CCheckBox::drawContents, //0, //patacongo, //patacongo@42af7a65-404d-4744-a932-0658087f49c3, //20120322, //NxWidgets/libnxwidgets/src/ccheckbox.cxx, //152
NXWidgets::CCheckBox::setState, //0, //patacongo, //patacongo@42af7a65-404d-4744-a932-0658087f49c3, //20120322, //NxWidgets/libnxwidgets/src/ccheckbox.cxx, //134
CScrollbarHorizontalTest::connect, //0, //patacongo, //patacongo@42af7a65-404d-4744-a932-0658087f49c3, //20120322, //NxWidgets/UnitTests/CScrollbarHorizontal/cscrollbarhorizontaltest.cxx, //97
CScrollbarHorizontalTest::disconnect, //0, //patacongo, //patacongo@42af7a65-404d-4744-a932-0658087f49c3, //20120322, //NxWidgets/UnitTests/CScrollbarHorizontal/cscrollbarhorizontaltest.cxx, //117
CImageTest::disconnect, //0, //patacongo, //patacongo@42af7a65-404d-4744-a932-0658087f49c3, //20120322, //NxWidgets/UnitTests/CImage/cimagetest.cxx, //116
NXWidgets::CNxWindow::bitmap, //0, //patacongo, //patacongo@42af7a65-404d-4744-a932-0658087f49c3, //20120322, //NxWidgets/libnxwidgets/src/cnxwindow.cxx, //334
NXWidgets::CNxWindow::drawFilledCircle, //0, //patacongo, //patacongo@42af7a65-404d-4744-a932-0658087f49c3, //20120322, //NxWidgets/libnxwidgets/src/cnxwindow.cxx, //296
NXWidgets::CNxWindow::drawLine, //0, //patacongo, //patacongo@42af7a65-404d-4744-a932-0658087f49c3, //20120322, //NxWidgets/libnxwidgets/src/cnxwindow.cxx, //280
NXWidgets::CNxWindow::fill, //0, //patacongo, //patacongo@42af7a65-404d-4744-a932-0658087f49c3, //20120322, //NxWidgets/libnxwidgets/src/cnxwindow.cxx, //225
NXWidgets::CNxWindow::fillTrapezoid, //0, //patacongo, //patacongo@42af7a65-404d-4744-a932-0658087f49c3, //20120322, //NxWidgets/libnxwidgets/src/cnxwindow.cxx, //261
NXWidgets::CNxWindow::getPosition, //0, //patacongo, //patacongo@42af7a65-404d-4744-a932-0658087f49c3, //20120322, //NxWidgets/libnxwidgets/src/cnxwindow.cxx, //129
NXWidgets::CNxWindow::getRectangle, //0, //patacongo, //patacongo@42af7a65-404d-4744-a932-0658087f49c3, //20120322, //NxWidgets/libnxwidgets/src/cnxwindow.cxx, //244
NXWidgets::CNxWindow::getSize, //0, //patacongo, //patacongo@42af7a65-404d-4744-a932-0658087f49c3, //20120322, //NxWidgets/libnxwidgets/src/cnxwindow.cxx, //140
NXWidgets::CNxWindow::lower, //0, //patacongo, //patacongo@42af7a65-404d-4744-a932-0658087f49c3, //20120322, //NxWidgets/libnxwidgets/src/cnxwindow.cxx, //192
NXWidgets::CNxWindow::move, //0, //patacongo, //patacongo@42af7a65-404d-4744-a932-0658087f49c3, //20120322, //NxWidgets/libnxwidgets/src/cnxwindow.cxx, //311
NXWidgets::CNxWindow::open, //0, //patacongo, //patacongo@42af7a65-404d-4744-a932-0658087f49c3, //20120322, //NxWidgets/libnxwidgets/src/cnxwindow.cxx, //94
NXWidgets::CNxWindow::raise, //0, //patacongo, //patacongo@42af7a65-404d-4744-a932-0658087f49c3, //20120322, //NxWidgets/libnxwidgets/src/cnxwindow.cxx, //179
NXWidgets::CNxWindow::requestPosition, //0, //patacongo, //patacongo@42af7a65-404d-4744-a932-0658087f49c3, //20120322, //NxWidgets/libnxwidgets/src/cnxwindow.cxx, //115
NXWidgets::CNxWindow::setPixel, //0, //patacongo, //patacongo@42af7a65-404d-4744-a932-0658087f49c3, //20120322, //NxWidgets/libnxwidgets/src/cnxwindow.cxx, //208
NXWidgets::CNxWindow::setPosition, //0, //patacongo, //patacongo@42af7a65-404d-4744-a932-0658087f49c3, //20120322, //NxWidgets/libnxwidgets/src/cnxwindow.cxx, //152
NXWidgets::CNxWindow::setSize, //0, //patacongo, //patacongo@42af7a65-404d-4744-a932-0658087f49c3, //20120322, //NxWidgets/libnxwidgets/src/cnxwindow.cxx, //166
NXWidgets::CLabel::appendText, //0, //patacongo, //patacongo@42af7a65-404d-4744-a932-0658087f49c3, //20120322, //NxWidgets/libnxwidgets/src/clabel.cxx, //184
NXWidgets::CLabel::calculateTextPositionHorizontal, //0, //patacongo, //patacongo@42af7a65-404d-4744-a932-0658087f49c3, //20120322, //NxWidgets/libnxwidgets/src/clabel.cxx, //389
NXWidgets::CLabel::drawBorder, //0, //patacongo, //patacongo@42af7a65-404d-4744-a932-0658087f49c3, //20120322, //NxWidgets/libnxwidgets/src/clabel.cxx, //329
NXWidgets::CLabel::drawContents, //0, //patacongo, //patacongo@42af7a65-404d-4744-a932-0658087f49c3, //20120322, //NxWidgets/libnxwidgets/src/clabel.cxx, //276
NXWidgets::CLabel::setText, //0, //patacongo, //patacongo@42af7a65-404d-4744-a932-0658087f49c3, //20120322, //NxWidgets/libnxwidgets/src/clabel.cxx, //171
NXWidgets::CTextBox::appendText, //0, //patacongo, //patacongo@42af7a65-404d-4744-a932-0658087f49c3, //20120322, //NxWidgets/libnxwidgets/src/ctextbox.cxx, //177
NXWidgets::CTextBox::calculateTextPositionHorizontal, //0, //patacongo, //patacongo@42af7a65-404d-4744-a932-0658087f49c3, //20120322, //NxWidgets/libnxwidgets/src/ctextbox.cxx, //595
NXWidgets::CTextBox::drawBorder, //0, //patacongo, //patacongo@42af7a65-404d-4744-a932-0658087f49c3, //20120322, //NxWidgets/libnxwidgets/src/ctextbox.cxx, //493
NXWidgets::CTextBox::drawContents, //0, //patacongo, //patacongo@42af7a65-404d-4744-a932-0658087f49c3, //20120322, //NxWidgets/libnxwidgets/src/ctextbox.cxx, //337
NXWidgets::CTextBox::getCursorPosition, //0, //patacongo, //patacongo@42af7a65-404d-4744-a932-0658087f49c3, //20120322, //NxWidgets/libnxwidgets/include/ctextbox.hxx, //350
NXWidgets::CTextBox::getCursorWidth, //0, //patacongo, //patacongo@42af7a65-404d-4744-a932-0658087f49c3, //20120322, //NxWidgets/libnxwidgets/src/ctextbox.cxx, //573
NXWidgets::CTextBox::getCursorXPos, //0, //patacongo, //patacongo@42af7a65-404d-4744-a932-0658087f49c3, //20120322, //NxWidgets/libnxwidgets/src/ctextbox.cxx, //549
NXWidgets::CTextBox::handleCursorControlEvent, //0, //patacongo, //patacongo@42af7a65-404d-4744-a932-0658087f49c3, //20120322, //NxWidgets/libnxwidgets/src/ctextbox.cxx, //292
NXWidgets::CTextBox::handleKeyPressEvent, //0, //patacongo, //patacongo@42af7a65-404d-4744-a932-0658087f49c3, //20120322, //NxWidgets/libnxwidgets/src/ctextbox.cxx, //260
NXWidgets::CTextBox::hideCursor, //0, //patacongo, //patacongo@42af7a65-404d-4744-a932-0658087f49c3, //20120322, //NxWidgets/libnxwidgets/include/ctextbox.hxx, //265
NXWidgets::CTextBox::insertText, //0, //patacongo, //patacongo@42af7a65-404d-4744-a932-0658087f49c3, //20120322, //NxWidgets/libnxwidgets/src/ctextbox.cxx, //219
NXWidgets::CTextBox::insertTextAtCursor, //0, //patacongo, //patacongo@42af7a65-404d-4744-a932-0658087f49c3, //20120322, //NxWidgets/libnxwidgets/src/ctextbox.cxx, //232
NXWidgets::CTextBox::isCursorVisible, //0, //patacongo, //patacongo@42af7a65-404d-4744-a932-0658087f49c3, //20120322, //NxWidgets/libnxwidgets/src/ctextbox.cxx, //536
NXWidgets::CTextBox::moveCursorToPosition, //0, //patacongo, //patacongo@42af7a65-404d-4744-a932-0658087f49c3, //20120322, //NxWidgets/libnxwidgets/src/ctextbox.cxx, //245
NXWidgets::CTextBox::onBlur, //0, //patacongo, //patacongo@42af7a65-404d-4744-a932-0658087f49c3, //20120322, //NxWidgets/libnxwidgets/src/ctextbox.cxx, //324
NXWidgets::CTextBox::removeText, //0, //patacongo, //patacongo@42af7a65-404d-4744-a932-0658087f49c3, //20120322, //NxWidgets/libnxwidgets/src/ctextbox.cxx, //190
NXWidgets::CTextBox::removeText, //0, //patacongo, //patacongo@42af7a65-404d-4744-a932-0658087f49c3, //20120322, //NxWidgets/libnxwidgets/src/ctextbox.cxx, //205
NXWidgets::CTextBox::repositionCursor, //0, //patacongo, //patacongo@42af7a65-404d-4744-a932-0658087f49c3, //20120322, //NxWidgets/libnxwidgets/src/ctextbox.cxx, //417
NXWidgets::CTextBox::setText, //0, //patacongo, //patacongo@42af7a65-404d-4744-a932-0658087f49c3, //20120322, //NxWidgets/libnxwidgets/src/ctextbox.cxx, //163
NXWidgets::CTextBox::showCursor, //0, //patacongo, //patacongo@42af7a65-404d-4744-a932-0658087f49c3, //20120322, //NxWidgets/libnxwidgets/src/ctextbox.cxx, //148
NXWidgets::CTextBox::showCursor, //0, //patacongo, //patacongo@42af7a65-404d-4744-a932-0658087f49c3, //20120322, //NxWidgets/libnxwidgets/include/ctextbox.hxx, //256
NXWidgets::CTextBox::wrapCursor, //0, //patacongo, //patacongo@42af7a65-404d-4744-a932-0658087f49c3, //20120322, //NxWidgets/libnxwidgets/include/ctextbox.hxx, //276
NXWidgets::CWidgetEventHandler::handleCursorControlEvent, //0, //patacongo, //patacongo@42af7a65-404d-4744-a932-0658087f49c3, //20120322, //NxWidgets/libnxwidgets/include/cwidgeteventhandler.hxx, //174
NXWidgets::CWidgetEventHandler::handleKeyPressEvent, //0, //patacongo, //patacongo@42af7a65-404d-4744-a932-0658087f49c3, //20120322, //NxWidgets/libnxwidgets/include/cwidgeteventhandler.hxx, //166
CButtonArrayTest::disconnect, //0, //patacongo, //patacongo@42af7a65-404d-4744-a932-0658087f49c3, //20120322, //NxWidgets/UnitTests/CButtonArray/cbuttonarraytest.cxx, //115
CListBoxTest::connect, //0, //patacongo, //patacongo@42af7a65-404d-4744-a932-0658087f49c3, //20120322, //NxWidgets/UnitTests/CListBox/clistboxtest.cxx, //97
NXWidgets::CListBox::deselectOption, //0, //patacongo, //patacongo@42af7a65-404d-4744-a932-0658087f49c3, //20120322, //NxWidgets/libnxwidgets/src/clistbox.cxx, //222
NXWidgets::CListBox::getOptionCount, //0, //patacongo, //patacongo@42af7a65-404d-4744-a932-0658087f49c3, //20120322, //NxWidgets/libnxwidgets/include/clistbox.hxx, //365
NXWidgets::CListBox::getSelectedIndex, //0, //patacongo, //patacongo@42af7a65-404d-4744-a932-0658087f49c3, //20120322, //NxWidgets/libnxwidgets/src/clistbox.cxx, //256
NXWidgets::CListBox::removeAllOptions, //0, //patacongo, //patacongo@42af7a65-404d-4744-a932-0658087f49c3, //20120322, //NxWidgets/libnxwidgets/src/clistbox.cxx, //176
NXWidgets::CListBox::removeOption, //0, //patacongo, //patacongo@42af7a65-404d-4744-a932-0658087f49c3, //20120322, //NxWidgets/libnxwidgets/src/clistbox.cxx, //167
NXWidgets::CListBox::selectAllOptions, //0, //patacongo, //patacongo@42af7a65-404d-4744-a932-0658087f49c3, //20120322, //NxWidgets/libnxwidgets/src/clistbox.cxx, //233
NXWidgets::CListBox::setAllowMultipleSelections, //0, //patacongo, //patacongo@42af7a65-404d-4744-a932-0658087f49c3, //20120322, //NxWidgets/libnxwidgets/include/clistbox.hxx, //320
NXWidgets::CListBox::sort, //0, //patacongo, //patacongo@42af7a65-404d-4744-a932-0658087f49c3, //20120322, //NxWidgets/libnxwidgets/src/clistbox.cxx, //319
CButtonTest::connect, //0, //patacongo, //patacongo@42af7a65-404d-4744-a932-0658087f49c3, //20120322, //NxWidgets/UnitTests/CButton/cbuttontest.cxx, //96
NXWidgets::CButton::drawOutline, //0, //patacongo, //patacongo@42af7a65-404d-4744-a932-0658087f49c3, //20120322, //NxWidgets/libnxwidgets/src/cbutton.cxx, //123
NXWidgets::CButton::onRelease, //0, //patacongo, //patacongo@42af7a65-404d-4744-a932-0658087f49c3, //20120322, //NxWidgets/libnxwidgets/src/cbutton.cxx, //284
NXWidgets::CButton::onReleaseOutside, //0, //patacongo, //patacongo@42af7a65-404d-4744-a932-0658087f49c3, //20120322, //NxWidgets/libnxwidgets/src/cbutton.cxx, //297
NXWidgets::CCycleButton::drawBorder, //0, //patacongo, //patacongo@42af7a65-404d-4744-a932-0658087f49c3, //20120322, //NxWidgets/libnxwidgets/src/ccyclebutton.cxx, //377
NXWidgets::CCycleButton::drawContents, //0, //patacongo, //patacongo@42af7a65-404d-4744-a932-0658087f49c3, //20120322, //NxWidgets/libnxwidgets/src/ccyclebutton.cxx, //305
NXWidgets::CCycleButton::drawOutline, //0, //patacongo, //patacongo@42af7a65-404d-4744-a932-0658087f49c3, //20120322, //NxWidgets/libnxwidgets/src/ccyclebutton.cxx, //407
NXWidgets::CCycleButton::getPreferredDimensions, //0, //patacongo, //patacongo@42af7a65-404d-4744-a932-0658087f49c3, //20120322, //NxWidgets/libnxwidgets/src/ccyclebutton.cxx, //258
NXWidgets::CCycleButton::getSelectedIndex, //0, //patacongo, //patacongo@42af7a65-404d-4744-a932-0658087f49c3, //20120322, //NxWidgets/libnxwidgets/src/ccyclebutton.cxx, //188
NXWidgets::CCycleButton::getSelectedOption, //0, //patacongo, //patacongo@42af7a65-404d-4744-a932-0658087f49c3, //20120322, //NxWidgets/libnxwidgets/src/ccyclebutton.cxx, //212
NXWidgets::CCycleButton::handleListDataChangedEvent, //0, //patacongo, //patacongo@42af7a65-404d-4744-a932-0658087f49c3, //20120322, //NxWidgets/libnxwidgets/src/ccyclebutton.cxx, //232
NXWidgets::CCycleButton::handleListDataSelectionChangedEvent, //0, //patacongo, //patacongo@42af7a65-404d-4744-a932-0658087f49c3, //20120322, //NxWidgets/libnxwidgets/src/ccyclebutton.cxx, //243
NXWidgets::CCycleButton::onRelease, //0, //patacongo, //patacongo@42af7a65-404d-4744-a932-0658087f49c3, //20120322, //NxWidgets/libnxwidgets/src/ccyclebutton.cxx, //446
NXWidgets::CCycleButton::onReleaseOutside, //0, //patacongo, //patacongo@42af7a65-404d-4744-a932-0658087f49c3, //20120322, //NxWidgets/libnxwidgets/src/ccyclebutton.cxx, //478
NXWidgets::CCycleButton::removeAllOptions, //0, //patacongo, //patacongo@42af7a65-404d-4744-a932-0658087f49c3, //20120322, //NxWidgets/libnxwidgets/src/ccyclebutton.cxx, //164
NXWidgets::CCycleButton::removeOption, //0, //patacongo, //patacongo@42af7a65-404d-4744-a932-0658087f49c3, //20120322, //NxWidgets/libnxwidgets/src/ccyclebutton.cxx, //155
NXWidgets::CCycleButton::selectOption, //0, //patacongo, //patacongo@42af7a65-404d-4744-a932-0658087f49c3, //20120322, //NxWidgets/libnxwidgets/src/ccyclebutton.cxx, //176
NXWidgets::CCycleButton::setSelectedIndex, //0, //patacongo, //patacongo@42af7a65-404d-4744-a932-0658087f49c3, //20120322, //NxWidgets/libnxwidgets/src/ccyclebutton.cxx, //201
NXWidgets::CCycleButton::sort, //0, //patacongo, //patacongo@42af7a65-404d-4744-a932-0658087f49c3, //20120322, //NxWidgets/libnxwidgets/src/ccyclebutton.cxx, //221
NXWidgets::CLabel::getPreferredDimensions, //0, //patacongo, //patacongo@42af7a65-404d-4744-a932-0658087f49c3, //20120322, //NxWidgets/libnxwidgets/src/clabel.cxx, //226
NXWidgets::CScrollbarHorizontal::getMaximumValue, //0, //patacongo, //patacongo@42af7a65-404d-4744-a932-0658087f49c3, //20120322, //NxWidgets/libnxwidgets/src/cscrollbarhorizontal.cxx, //176
NXWidgets::CScrollbarHorizontal::getMinimumValue, //0, //patacongo, //patacongo@42af7a65-404d-4744-a932-0658087f49c3, //20120322, //NxWidgets/libnxwidgets/src/cscrollbarhorizontal.cxx, //165
NXWidgets::CScrollbarHorizontal::getPageSize, //0, //patacongo, //patacongo@42af7a65-404d-4744-a932-0658087f49c3, //20120322, //NxWidgets/libnxwidgets/src/cscrollbarhorizontal.cxx, //201
NXWidgets::CScrollbarHorizontal::getValue, //0, //patacongo, //patacongo@42af7a65-404d-4744-a932-0658087f49c3, //20120322, //NxWidgets/libnxwidgets/src/cscrollbarhorizontal.cxx, //187
NXWidgets::CScrollbarHorizontal::handleActionEvent, //0, //patacongo, //patacongo@42af7a65-404d-4744-a932-0658087f49c3, //20120322, //NxWidgets/libnxwidgets/src/cscrollbarhorizontal.cxx, //272
NXWidgets::CScrollbarHorizontal::handleClickEvent, //0, //patacongo, //patacongo@42af7a65-404d-4744-a932-0658087f49c3, //20120322, //NxWidgets/libnxwidgets/src/cscrollbarhorizontal.cxx, //301
NXWidgets::CScrollbarHorizontal::handleReleaseEvent, //0, //patacongo, //patacongo@42af7a65-404d-4744-a932-0658087f49c3, //20120322, //NxWidgets/libnxwidgets/src/cscrollbarhorizontal.cxx, //331
NXWidgets::CScrollbarHorizontal::handleReleaseOutsideEvent, //0, //patacongo, //patacongo@42af7a65-404d-4744-a932-0658087f49c3, //20120322, //NxWidgets/libnxwidgets/src/cscrollbarhorizontal.cxx, //347
NXWidgets::CScrollbarHorizontal::handleValueChangeEvent, //0, //patacongo, //patacongo@42af7a65-404d-4744-a932-0658087f49c3, //20120322, //NxWidgets/libnxwidgets/src/cscrollbarhorizontal.cxx, //363
NXWidgets::CScrollbarHorizontal::onResize, //0, //patacongo, //patacongo@42af7a65-404d-4744-a932-0658087f49c3, //20120322, //NxWidgets/libnxwidgets/src/cscrollbarhorizontal.cxx, //378
NXWidgets::CScrollbarHorizontal::setMaximumValue, //0, //patacongo, //patacongo@42af7a65-404d-4744-a932-0658087f49c3, //20120322, //NxWidgets/libnxwidgets/src/cscrollbarhorizontal.cxx, //223
NXWidgets::CScrollbarHorizontal::setMinimumValue, //0, //patacongo, //patacongo@42af7a65-404d-4744-a932-0658087f49c3, //20120322, //NxWidgets/libnxwidgets/src/cscrollbarhorizontal.cxx, //212
NXWidgets::CScrollbarHorizontal::setPageSize, //0, //patacongo, //patacongo@42af7a65-404d-4744-a932-0658087f49c3, //20120322, //NxWidgets/libnxwidgets/src/cscrollbarhorizontal.cxx, //261
NXWidgets::CScrollbarHorizontal::setValue, //0, //patacongo, //patacongo@42af7a65-404d-4744-a932-0658087f49c3, //20120322, //NxWidgets/libnxwidgets/src/cscrollbarhorizontal.cxx, //235
NXWidgets::CScrollbarHorizontal::setValueWithBitshift, //0, //patacongo, //patacongo@42af7a65-404d-4744-a932-0658087f49c3, //20120322, //NxWidgets/libnxwidgets/src/cscrollbarhorizontal.cxx, //249
NXWidgets::CSliderHorizontal::setValue, //0, //patacongo, //patacongo@42af7a65-404d-4744-a932-0658087f49c3, //20120322, //NxWidgets/libnxwidgets/src/csliderhorizontal.cxx, //140
CKeypadTest::disconnect, //0, //patacongo, //patacongo@42af7a65-404d-4744-a932-0658087f49c3, //20120322, //NxWidgets/UnitTests/CKeypad/ckeypadtest.cxx, //121
NXWidgets::CLabel::getText, //0, //patacongo, //patacongo@42af7a65-404d-4744-a932-0658087f49c3, //20120322, //NxWidgets/libnxwidgets/include/clabel.hxx, //272
NXWidgets::CLabel::setTextAlignmentHoriz, //0, //patacongo, //patacongo@42af7a65-404d-4744-a932-0658087f49c3, //20120322, //NxWidgets/libnxwidgets/src/clabel.cxx, //145
NXWidgets::CBitmap::getBitsPerPixel, //0, //patacongo, //patacongo@42af7a65-404d-4744-a932-0658087f49c3, //20120322, //NxWidgets/libnxwidgets/src/cbitmap.cxx, //119
NXWidgets::CBitmap::getColorFormat, //0, //patacongo, //patacongo@42af7a65-404d-4744-a932-0658087f49c3, //20120322, //NxWidgets/libnxwidgets/src/cbitmap.cxx, //108
NXWidgets::CBitmap::getHeight, //0, //patacongo, //patacongo@42af7a65-404d-4744-a932-0658087f49c3, //20120322, //NxWidgets/libnxwidgets/src/cbitmap.cxx, //141
NXWidgets::CBitmap::getRun, //0, //patacongo, //patacongo@42af7a65-404d-4744-a932-0658087f49c3, //20120322, //NxWidgets/libnxwidgets/src/cbitmap.cxx, //170
NXWidgets::CBitmap::getStride, //0, //patacongo, //patacongo@42af7a65-404d-4744-a932-0658087f49c3, //20120322, //NxWidgets/libnxwidgets/src/cbitmap.cxx, //152
NXWidgets::CBitmap::getWidth, //0, //patacongo, //patacongo@42af7a65-404d-4744-a932-0658087f49c3, //20120322, //NxWidgets/libnxwidgets/src/cbitmap.cxx, //130
NXWidgets::CStickyButton::drawBorder, //0, //patacongo, //patacongo@42af7a65-404d-4744-a932-0658087f49c3, //20120322, //NxWidgets/libnxwidgets/src/cstickybutton.cxx, //165
NXWidgets::CStickyButton::drawContents, //0, //patacongo, //patacongo@42af7a65-404d-4744-a932-0658087f49c3, //20120322, //NxWidgets/libnxwidgets/src/cstickybutton.cxx, //152
NXWidgets::CStickyButton::drawOutline, //0, //patacongo, //patacongo@42af7a65-404d-4744-a932-0658087f49c3, //20120322, //NxWidgets/libnxwidgets/src/cstickybutton.cxx, //139
NXWidgets::CGlyphButton::drawBorder, //0, //patacongo, //patacongo@42af7a65-404d-4744-a932-0658087f49c3, //20120322, //NxWidgets/libnxwidgets/src/cglyphbutton.cxx, //217
NXWidgets::CGlyphButton::drawContents, //0, //patacongo, //patacongo@42af7a65-404d-4744-a932-0658087f49c3, //20120322, //NxWidgets/libnxwidgets/src/cglyphbutton.cxx, //173
NXWidgets::CGlyphButton::drawOutline, //0, //patacongo, //patacongo@42af7a65-404d-4744-a932-0658087f49c3, //20120322, //NxWidgets/libnxwidgets/src/cglyphbutton.cxx, //230
NXWidgets::CGlyphButton::getPreferredDimensions, //0, //patacongo, //patacongo@42af7a65-404d-4744-a932-0658087f49c3, //20120322, //NxWidgets/libnxwidgets/src/cglyphbutton.cxx, //148
NXWidgets::CGlyphButton::onClick, //0, //patacongo, //patacongo@42af7a65-404d-4744-a932-0658087f49c3, //20120322, //NxWidgets/libnxwidgets/src/cglyphbutton.cxx, //269
NXWidgets::CGlyphButton::onRelease, //0, //patacongo, //patacongo@42af7a65-404d-4744-a932-0658087f49c3, //20120322, //NxWidgets/libnxwidgets/src/cglyphbutton.cxx, //281
NXWidgets::CGlyphButton::onReleaseOutside, //0, //patacongo, //patacongo@42af7a65-404d-4744-a932-0658087f49c3, //20120322, //NxWidgets/libnxwidgets/src/cglyphbutton.cxx, //294
NXWidgets::CSliderVertical::drawBorder, //0, //patacongo, //patacongo@42af7a65-404d-4744-a932-0658087f49c3, //20120322, //NxWidgets/libnxwidgets/src/cslidervertical.cxx, //313
NXWidgets::CSliderVertical::drawContents, //0, //patacongo, //patacongo@42af7a65-404d-4744-a932-0658087f49c3, //20120322, //NxWidgets/libnxwidgets/src/cslidervertical.cxx, //295
NXWidgets::CSliderVertical::handleDragEvent, //0, //patacongo, //patacongo@42af7a65-404d-4744-a932-0658087f49c3, //20120322, //NxWidgets/libnxwidgets/src/cslidervertical.cxx, //203
NXWidgets::CSliderVertical::onClick, //0, //patacongo, //patacongo@42af7a65-404d-4744-a932-0658087f49c3, //20120322, //NxWidgets/libnxwidgets/src/cslidervertical.cxx, //359
NXWidgets::CSliderVertical::onResize, //0, //patacongo, //patacongo@42af7a65-404d-4744-a932-0658087f49c3, //20120322, //NxWidgets/libnxwidgets/src/cslidervertical.cxx, //331
NXWidgets::CSliderVertical::setValue, //0, //patacongo, //patacongo@42af7a65-404d-4744-a932-0658087f49c3, //20120322, //NxWidgets/libnxwidgets/src/cslidervertical.cxx, //141
NXWidgets::CSliderVertical::setValueWithBitshift, //0, //patacongo, //patacongo@42af7a65-404d-4744-a932-0658087f49c3, //20120322, //NxWidgets/libnxwidgets/src/cslidervertical.cxx, //155
CScrollbarVerticalTest::disconnect, //0, //patacongo, //patacongo@42af7a65-404d-4744-a932-0658087f49c3, //20120322, //NxWidgets/UnitTests/CScrollbarVertical/cscrollbarverticaltest.cxx, //117
NXWidgets::CMultiLineTextBox::appendText, //0, //patacongo, //patacongo@42af7a65-404d-4744-a932-0658087f49c3, //20120322, //NxWidgets/libnxwidgets/src/cmultilinetextbox.cxx, //264
NXWidgets::CMultiLineTextBox::getCurrentPage, //0, //patacongo, //patacongo@42af7a65-404d-4744-a932-0658087f49c3, //20120322, //NxWidgets/libnxwidgets/src/cmultilinetextbox.cxx, //213
NXWidgets::CMultiLineTextBox::getCursorPosition, //0, //patacongo, //patacongo@42af7a65-404d-4744-a932-0658087f49c3, //20120322, //NxWidgets/libnxwidgets/include/cmultilinetextbox.hxx, //594
NXWidgets::CMultiLineTextBox::getPageCount, //0, //patacongo, //patacongo@42af7a65-404d-4744-a932-0658087f49c3, //20120322, //NxWidgets/libnxwidgets/src/cmultilinetextbox.cxx, //194
NXWidgets::CMultiLineTextBox::getText, //0, //patacongo, //patacongo@42af7a65-404d-4744-a932-0658087f49c3, //20120322, //NxWidgets/libnxwidgets/include/cmultilinetextbox.hxx, //484
NXWidgets::CMultiLineTextBox::getTextLength, //0, //patacongo, //patacongo@42af7a65-404d-4744-a932-0658087f49c3, //20120322, //NxWidgets/libnxwidgets/src/cmultilinetextbox.cxx, //358
NXWidgets::CMultiLineTextBox::insertText, //0, //patacongo, //patacongo@42af7a65-404d-4744-a932-0658087f49c3, //20120322, //NxWidgets/libnxwidgets/src/cmultilinetextbox.cxx, //418
NXWidgets::CMultiLineTextBox::insertTextAtCursor, //0, //patacongo, //patacongo@42af7a65-404d-4744-a932-0658087f49c3, //20120322, //NxWidgets/libnxwidgets/src/cmultilinetextbox.cxx, //446
NXWidgets::CMultiLineTextBox::moveCursorToPosition, //0, //patacongo, //patacongo@42af7a65-404d-4744-a932-0658087f49c3, //20120322, //NxWidgets/libnxwidgets/src/cmultilinetextbox.cxx, //386
NXWidgets::CMultiLineTextBox::removeText, //0, //patacongo, //patacongo@42af7a65-404d-4744-a932-0658087f49c3, //20120322, //NxWidgets/libnxwidgets/src/cmultilinetextbox.cxx, //290
NXWidgets::CMultiLineTextBox::removeText, //0, //patacongo, //patacongo@42af7a65-404d-4744-a932-0658087f49c3, //20120322, //NxWidgets/libnxwidgets/src/cmultilinetextbox.cxx, //303
NXWidgets::CMultiLineTextBox::setFont, //0, //patacongo, //patacongo@42af7a65-404d-4744-a932-0658087f49c3, //20120322, //NxWidgets/libnxwidgets/src/cmultilinetextbox.cxx, //331
NXWidgets::CMultiLineTextBox::setText, //0, //patacongo, //patacongo@42af7a65-404d-4744-a932-0658087f49c3, //20120322, //NxWidgets/libnxwidgets/src/cmultilinetextbox.cxx, //237
NXWidgets::CMultiLineTextBox::setTextAlignmentHoriz, //0, //patacongo, //patacongo@42af7a65-404d-4744-a932-0658087f49c3, //20120322, //NxWidgets/libnxwidgets/src/cmultilinetextbox.cxx, //168
NXWidgets::CMultiLineTextBox::setTextAlignmentVert, //0, //patacongo, //patacongo@42af7a65-404d-4744-a932-0658087f49c3, //20120322, //NxWidgets/libnxwidgets/src/cmultilinetextbox.cxx, //180
NXWidgets::CMultiLineTextBox::showCursor, //0, //patacongo, //patacongo@42af7a65-404d-4744-a932-0658087f49c3, //20120322, //NxWidgets/libnxwidgets/src/cmultilinetextbox.cxx, //369
NXWidgets::CMultiLineTextBox::wrapCursor, //0, //patacongo, //patacongo@42af7a65-404d-4744-a932-0658087f49c3, //20120322, //NxWidgets/libnxwidgets/include/cmultilinetextbox.hxx, //572
NXWidgets::CScrollbarVertical::setMaximumValue, //0, //patacongo, //patacongo@42af7a65-404d-4744-a932-0658087f49c3, //20120322, //NxWidgets/libnxwidgets/src/cscrollbarvertical.cxx, //221
NXWidgets::CScrollbarVertical::setMinimumValue, //0, //patacongo, //patacongo@42af7a65-404d-4744-a932-0658087f49c3, //20120322, //NxWidgets/libnxwidgets/src/cscrollbarvertical.cxx, //210
NXWidgets::CScrollbarVertical::setPageSize, //0, //patacongo, //patacongo@42af7a65-404d-4744-a932-0658087f49c3, //20120322, //NxWidgets/libnxwidgets/src/cscrollbarvertical.cxx, //259
NXWidgets::CScrollbarVertical::setValue, //0, //patacongo, //patacongo@42af7a65-404d-4744-a932-0658087f49c3, //20120322, //NxWidgets/libnxwidgets/src/cscrollbarvertical.cxx, //233
NXWidgets::CScrollingPanel::allowsHorizontalScroll, //0, //patacongo, //patacongo@42af7a65-404d-4744-a932-0658087f49c3, //20120322, //NxWidgets/libnxwidgets/include/cscrollingpanel.hxx, //246
NXWidgets::CScrollingPanel::allowsVerticalScroll, //0, //patacongo, //patacongo@42af7a65-404d-4744-a932-0658087f49c3, //20120322, //NxWidgets/libnxwidgets/include/cscrollingpanel.hxx, //235
NXWidgets::CScrollingPanel::getCanvasHeight, //0, //patacongo, //patacongo@42af7a65-404d-4744-a932-0658087f49c3, //20120322, //NxWidgets/libnxwidgets/include/cscrollingpanel.hxx, //290
NXWidgets::CScrollingPanel::getCanvasWidth, //0, //patacongo, //patacongo@42af7a65-404d-4744-a932-0658087f49c3, //20120322, //NxWidgets/libnxwidgets/include/cscrollingpanel.hxx, //279
NXWidgets::CScrollingPanel::getCanvasX, //0, //patacongo, //patacongo@42af7a65-404d-4744-a932-0658087f49c3, //20120322, //NxWidgets/libnxwidgets/include/cscrollingpanel.hxx, //257
NXWidgets::CScrollingPanel::getCanvasY, //0, //patacongo, //patacongo@42af7a65-404d-4744-a932-0658087f49c3, //20120322, //NxWidgets/libnxwidgets/include/cscrollingpanel.hxx, //268
NXWidgets::CScrollingPanel::jump, //0, //patacongo, //patacongo@42af7a65-404d-4744-a932-0658087f49c3, //20120322, //NxWidgets/libnxwidgets/src/cscrollingpanel.cxx, //230
NXWidgets::CScrollingPanel::scroll, //0, //patacongo, //patacongo@42af7a65-404d-4744-a932-0658087f49c3, //20120322, //NxWidgets/libnxwidgets/src/cscrollingpanel.cxx, //138
NXWidgets::CScrollingTextBox::allowsHorizontalScroll, //0, //patacongo, //patacongo@42af7a65-404d-4744-a932-0658087f49c3, //20120322, //NxWidgets/libnxwidgets/src/cscrollingtextbox.cxx, //542
NXWidgets::CScrollingTextBox::allowsVerticalScroll, //0, //patacongo, //patacongo@42af7a65-404d-4744-a932-0658087f49c3, //20120322, //NxWidgets/libnxwidgets/src/cscrollingtextbox.cxx, //531
NXWidgets::CScrollingTextBox::appendText, //0, //patacongo, //patacongo@42af7a65-404d-4744-a932-0658087f49c3, //20120322, //NxWidgets/libnxwidgets/src/cscrollingtextbox.cxx, //228
NXWidgets::CScrollingTextBox::drawContents, //0, //patacongo, //patacongo@42af7a65-404d-4744-a932-0658087f49c3, //20120322, //NxWidgets/libnxwidgets/src/cscrollingtextbox.cxx, //555
NXWidgets::CScrollingTextBox::getCanvasHeight, //0, //patacongo, //patacongo@42af7a65-404d-4744-a932-0658087f49c3, //20120322, //NxWidgets/libnxwidgets/src/cscrollingtextbox.cxx, //452
NXWidgets::CScrollingTextBox::getCanvasWidth, //0, //patacongo, //patacongo@42af7a65-404d-4744-a932-0658087f49c3, //20120322, //NxWidgets/libnxwidgets/src/cscrollingtextbox.cxx, //441
NXWidgets::CScrollingTextBox::getCanvasX, //0, //patacongo, //patacongo@42af7a65-404d-4744-a932-0658087f49c3, //20120322, //NxWidgets/libnxwidgets/src/cscrollingtextbox.cxx, //419
NXWidgets::CScrollingTextBox::getCanvasY, //0, //patacongo, //patacongo@42af7a65-404d-4744-a932-0658087f49c3, //20120322, //NxWidgets/libnxwidgets/src/cscrollingtextbox.cxx, //430
NXWidgets::CScrollingTextBox::getCurrentPage, //0, //patacongo, //patacongo@42af7a65-404d-4744-a932-0658087f49c3, //20120322, //NxWidgets/libnxwidgets/src/cscrollingtextbox.cxx, //190
NXWidgets::CScrollingTextBox::getCursorPosition, //0, //patacongo, //patacongo@42af7a65-404d-4744-a932-0658087f49c3, //20120322, //NxWidgets/libnxwidgets/src/cscrollingtextbox.cxx, //328
NXWidgets::CScrollingTextBox::getPageCount, //0, //patacongo, //patacongo@42af7a65-404d-4744-a932-0658087f49c3, //20120322, //NxWidgets/libnxwidgets/src/cscrollingtextbox.cxx, //178
NXWidgets::CScrollingTextBox::getText, //0, //patacongo, //patacongo@42af7a65-404d-4744-a932-0658087f49c3, //20120322, //NxWidgets/libnxwidgets/src/cscrollingtextbox.cxx, //204
NXWidgets::CScrollingTextBox::getTextLength, //0, //patacongo, //patacongo@42af7a65-404d-4744-a932-0658087f49c3, //20120322, //NxWidgets/libnxwidgets/src/cscrollingtextbox.cxx, //280
NXWidgets::CScrollingTextBox::handleScrollEvent, //0, //patacongo, //patacongo@42af7a65-404d-4744-a932-0658087f49c3, //20120322, //NxWidgets/libnxwidgets/src/cscrollingtextbox.cxx, //397
NXWidgets::CScrollingTextBox::handleValueChangeEvent, //0, //patacongo, //patacongo@42af7a65-404d-4744-a932-0658087f49c3, //20120322, //NxWidgets/libnxwidgets/src/cscrollingtextbox.cxx, //365
NXWidgets::CScrollingTextBox::insertText, //0, //patacongo, //patacongo@42af7a65-404d-4744-a932-0658087f49c3, //20120322, //NxWidgets/libnxwidgets/src/cscrollingtextbox.cxx, //340
NXWidgets::CScrollingTextBox::insertTextAtCursor, //0, //patacongo, //patacongo@42af7a65-404d-4744-a932-0658087f49c3, //20120322, //NxWidgets/libnxwidgets/src/cscrollingtextbox.cxx, //353
NXWidgets::CScrollingTextBox::jump, //0, //patacongo, //patacongo@42af7a65-404d-4744-a932-0658087f49c3, //20120322, //NxWidgets/libnxwidgets/src/cscrollingtextbox.cxx, //476
NXWidgets::CScrollingTextBox::moveCursorToPosition, //0, //patacongo, //patacongo@42af7a65-404d-4744-a932-0658087f49c3, //20120322, //NxWidgets/libnxwidgets/src/cscrollingtextbox.cxx, //315
NXWidgets::CScrollingTextBox::onResize, //0, //patacongo, //patacongo@42af7a65-404d-4744-a932-0658087f49c3, //20120322, //NxWidgets/libnxwidgets/src/cscrollingtextbox.cxx, //567
NXWidgets::CScrollingTextBox::removeText, //0, //patacongo, //patacongo@42af7a65-404d-4744-a932-0658087f49c3, //20120322, //NxWidgets/libnxwidgets/src/cscrollingtextbox.cxx, //240
NXWidgets::CScrollingTextBox::removeText, //0, //patacongo, //patacongo@42af7a65-404d-4744-a932-0658087f49c3, //20120322, //NxWidgets/libnxwidgets/src/cscrollingtextbox.cxx, //254
NXWidgets::CScrollingTextBox::scroll, //0, //patacongo, //patacongo@42af7a65-404d-4744-a932-0658087f49c3, //20120322, //NxWidgets/libnxwidgets/src/cscrollingtextbox.cxx, //464
NXWidgets::CScrollingTextBox::setAllowsHorizontalScroll, //0, //patacongo, //patacongo@42af7a65-404d-4744-a932-0658087f49c3, //20120322, //NxWidgets/libnxwidgets/src/cscrollingtextbox.cxx, //498
NXWidgets::CScrollingTextBox::setAllowsVerticalScroll, //0, //patacongo, //patacongo@42af7a65-404d-4744-a932-0658087f49c3, //20120322, //NxWidgets/libnxwidgets/src/cscrollingtextbox.cxx, //487
NXWidgets::CScrollingTextBox::setCanvasHeight, //0, //patacongo, //patacongo@42af7a65-404d-4744-a932-0658087f49c3, //20120322, //NxWidgets/libnxwidgets/src/cscrollingtextbox.cxx, //520
NXWidgets::CScrollingTextBox::setCanvasWidth, //0, //patacongo, //patacongo@42af7a65-404d-4744-a932-0658087f49c3, //20120322, //NxWidgets/libnxwidgets/src/cscrollingtextbox.cxx, //509
NXWidgets::CScrollingTextBox::setFont, //0, //patacongo, //patacongo@42af7a65-404d-4744-a932-0658087f49c3, //20120322, //NxWidgets/libnxwidgets/src/cscrollingtextbox.cxx, //267
NXWidgets::CScrollingTextBox::setText, //0, //patacongo, //patacongo@42af7a65-404d-4744-a932-0658087f49c3, //20120322, //NxWidgets/libnxwidgets/src/cscrollingtextbox.cxx, //215
NXWidgets::CScrollingTextBox::setTextAlignmentHoriz, //0, //patacongo, //patacongo@42af7a65-404d-4744-a932-0658087f49c3, //20120322, //NxWidgets/libnxwidgets/src/cscrollingtextbox.cxx, //154
NXWidgets::CScrollingTextBox::setTextAlignmentVert, //0, //patacongo, //patacongo@42af7a65-404d-4744-a932-0658087f49c3, //20120322, //NxWidgets/libnxwidgets/src/cscrollingtextbox.cxx, //165
NXWidgets::CScrollingTextBox::showCursor, //0, //patacongo, //patacongo@42af7a65-404d-4744-a932-0658087f49c3, //20120322, //NxWidgets/libnxwidgets/src/cscrollingtextbox.cxx, //291
NXWidgets::CScrollingTextBox::wrapCursor, //0, //patacongo, //patacongo@42af7a65-404d-4744-a932-0658087f49c3, //20120322, //NxWidgets/libnxwidgets/src/cscrollingtextbox.cxx, //302
NXWidgets::CWidgetEventHandler::handleScrollEvent, //0, //patacongo, //patacongo@42af7a65-404d-4744-a932-0658087f49c3, //20120322, //NxWidgets/libnxwidgets/include/cwidgeteventhandler.hxx, //262
NXWidgets::CLabel::calculateTextPositionVertical, //0, //patacongo, //patacongo@42af7a65-404d-4744-a932-0658087f49c3, //20120322, //NxWidgets/libnxwidgets/src/clabel.cxx, //361
NXWidgets::CLabel::highlight, //0, //patacongo, //patacongo@42af7a65-404d-4744-a932-0658087f49c3, //20120322, //NxWidgets/libnxwidgets/src/clabel.cxx, //209
NXWidgets::CLabel::insertText, //0, //patacongo, //patacongo@42af7a65-404d-4744-a932-0658087f49c3, //20120322, //NxWidgets/libnxwidgets/src/clabel.cxx, //197
NXWidgets::CLabel::isTextChange, //0, //patacongo, //patacongo@42af7a65-404d-4744-a932-0658087f49c3, //20120322, //NxWidgets/libnxwidgets/include/clabel.hxx, //346
NXWidgets::CLabel::onResize, //0, //patacongo, //patacongo@42af7a65-404d-4744-a932-0658087f49c3, //20120322, //NxWidgets/libnxwidgets/src/clabel.cxx, //349
NXWidgets::CLabel::onTextChange, //0, //patacongo, //patacongo@42af7a65-404d-4744-a932-0658087f49c3, //20120322, //NxWidgets/libnxwidgets/src/clabel.cxx, //416
NXWidgets::CLabel::setFont, //0, //patacongo, //patacongo@42af7a65-404d-4744-a932-0658087f49c3, //20120322, //NxWidgets/libnxwidgets/src/clabel.cxx, //257
NXWidgets::CLabel::setTextAlignmentVert, //0, //patacongo, //patacongo@42af7a65-404d-4744-a932-0658087f49c3, //20120322, //NxWidgets/libnxwidgets/src/clabel.cxx, //158
CLabelTest::connect, //0, //patacongo, //patacongo@42af7a65-404d-4744-a932-0658087f49c3, //20120322, //NxWidgets/UnitTests/CLabel/clabeltest.cxx, //96
CLabelTest::disconnect, //0, //patacongo, //patacongo@42af7a65-404d-4744-a932-0658087f49c3, //20120322, //NxWidgets/UnitTests/CLabel/clabeltest.cxx, //126
NXWidgets::CButtonArray::isThisButtonClicked, //0, //patacongo, //patacongo@42af7a65-404d-4744-a932-0658087f49c3, //20120322, //NxWidgets/libnxwidgets/src/cbuttonarray.cxx, //190
CSliderHorizontalTest::connect, //0, //patacongo, //patacongo@42af7a65-404d-4744-a932-0658087f49c3, //20120322, //NxWidgets/UnitTests/CSliderHorizonal/csliderhorizontaltest.cxx, //97
NXWidgets::CScrollbarVertical::onResize, //0, //patacongo, //patacongo@42af7a65-404d-4744-a932-0658087f49c3, //20120322, //NxWidgets/libnxwidgets/src/cscrollbarvertical.cxx, //380
NXWidgets::CSliderVertical::getPageSize, //0, //patacongo, //patacongo@42af7a65-404d-4744-a932-0658087f49c3, //20120322, //NxWidgets/libnxwidgets/include/cslidervertical.hxx, //257
NXWidgets::CMultiLineTextBox::cullTopLines, //0, //patacongo, //patacongo@42af7a65-404d-4744-a932-0658087f49c3, //20120322, //NxWidgets/libnxwidgets/src/cmultilinetextbox.cxx, //791
NXWidgets::CMultiLineTextBox::drawBorder, //0, //patacongo, //patacongo@42af7a65-404d-4744-a932-0658087f49c3, //20120322, //NxWidgets/libnxwidgets/src/cmultilinetextbox.cxx, //692
NXWidgets::CMultiLineTextBox::drawContents, //0, //patacongo, //patacongo@42af7a65-404d-4744-a932-0658087f49c3, //20120322, //NxWidgets/libnxwidgets/src/cmultilinetextbox.cxx, //675
NXWidgets::CMultiLineTextBox::getCharIndexAtCoordinate, //0, //patacongo, //patacongo@42af7a65-404d-4744-a932-0658087f49c3, //20120322, //NxWidgets/libnxwidgets/src/cmultilinetextbox.cxx, //538
NXWidgets::CMultiLineTextBox::getCharIndexAtCoordinates, //0, //patacongo, //patacongo@42af7a65-404d-4744-a932-0658087f49c3, //20120322, //NxWidgets/libnxwidgets/src/cmultilinetextbox.cxx, //612
NXWidgets::CMultiLineTextBox::getCursorCoordinates, //0, //patacongo, //patacongo@42af7a65-404d-4744-a932-0658087f49c3, //20120322, //NxWidgets/libnxwidgets/src/cmultilinetextbox.cxx, //485
NXWidgets::CMultiLineTextBox::handleCursorControlEvent, //0, //patacongo, //patacongo@42af7a65-404d-4744-a932-0658087f49c3, //20120322, //NxWidgets/libnxwidgets/src/cmultilinetextbox.cxx, //973
NXWidgets::CMultiLineTextBox::handleKeyPressEvent, //0, //patacongo, //patacongo@42af7a65-404d-4744-a932-0658087f49c3, //20120322, //NxWidgets/libnxwidgets/src/cmultilinetextbox.cxx, //457
NXWidgets::CMultiLineTextBox::isCursorVisible, //0, //patacongo, //patacongo@42af7a65-404d-4744-a932-0658087f49c3, //20120322, //NxWidgets/libnxwidgets/src/cmultilinetextbox.cxx, //1122
NXWidgets::CMultiLineTextBox::limitCanvasHeight, //0, //patacongo, //patacongo@42af7a65-404d-4744-a932-0658087f49c3, //20120322, //NxWidgets/libnxwidgets/src/cmultilinetextbox.cxx, //810
NXWidgets::CMultiLineTextBox::limitCanvasY, //0, //patacongo, //patacongo@42af7a65-404d-4744-a932-0658087f49c3, //20120322, //NxWidgets/libnxwidgets/src/cmultilinetextbox.cxx, //826
NXWidgets::CMultiLineTextBox::moveCursorDown, //0, //patacongo, //patacongo@42af7a65-404d-4744-a932-0658087f49c3, //20120322, //NxWidgets/libnxwidgets/src/cmultilinetextbox.cxx, //762
NXWidgets::CMultiLineTextBox::moveCursorLeft, //0, //patacongo, //patacongo@42af7a65-404d-4744-a932-0658087f49c3, //20120322, //NxWidgets/libnxwidgets/src/cmultilinetextbox.cxx, //709
NXWidgets::CMultiLineTextBox::moveCursorRight, //0, //patacongo, //patacongo@42af7a65-404d-4744-a932-0658087f49c3, //20120322, //NxWidgets/libnxwidgets/src/cmultilinetextbox.cxx, //723
NXWidgets::CMultiLineTextBox::moveCursorUp, //0, //patacongo, //patacongo@42af7a65-404d-4744-a932-0658087f49c3, //20120322, //NxWidgets/libnxwidgets/src/cmultilinetextbox.cxx, //737
NXWidgets::CMultiLineTextBox::onClick, //0, //patacongo, //patacongo@42af7a65-404d-4744-a932-0658087f49c3, //20120322, //NxWidgets/libnxwidgets/src/cmultilinetextbox.cxx, //938
NXWidgets::CMultiLineTextBox::onDoubleClick, //0, //patacongo, //patacongo@42af7a65-404d-4744-a932-0658087f49c3, //20120322, //NxWidgets/libnxwidgets/src/cmultilinetextbox.cxx, //962
NXWidgets::CMultiLineTextBox::onResize, //0, //patacongo, //patacongo@42af7a65-404d-4744-a932-0658087f49c3, //20120322, //NxWidgets/libnxwidgets/src/cmultilinetextbox.cxx, //898
NXWidgets::CScrollingPanel::drawBorder, //0, //patacongo, //patacongo@42af7a65-404d-4744-a932-0658087f49c3, //20120322, //NxWidgets/libnxwidgets/src/cscrollingpanel.cxx, //259
NXWidgets::CScrollingPanel::drawContents, //0, //patacongo, //patacongo@42af7a65-404d-4744-a932-0658087f49c3, //20120322, //NxWidgets/libnxwidgets/src/cscrollingpanel.cxx, //245
NXWidgets::CScrollingPanel::onClick, //0, //patacongo, //patacongo@42af7a65-404d-4744-a932-0658087f49c3, //20120322, //NxWidgets/libnxwidgets/src/cscrollingpanel.cxx, //292
NXWidgets::CText::append, //0, //patacongo, //patacongo@42af7a65-404d-4744-a932-0658087f49c3, //20120322, //NxWidgets/libnxwidgets/src/ctext.cxx, //151
NXWidgets::CText::insert, //0, //patacongo, //patacongo@42af7a65-404d-4744-a932-0658087f49c3, //20120322, //NxWidgets/libnxwidgets/src/ctext.cxx, //164
NXWidgets::CText::remove, //0, //patacongo, //patacongo@42af7a65-404d-4744-a932-0658087f49c3, //20120322, //NxWidgets/libnxwidgets/src/ctext.cxx, //189
NXWidgets::CText::setText, //0, //patacongo, //patacongo@42af7a65-404d-4744-a932-0658087f49c3, //20120322, //NxWidgets/libnxwidgets/src/ctext.cxx, //115
NXWidgets::CSliderVerticalGrip::drawBorder, //0, //patacongo, //patacongo@42af7a65-404d-4744-a932-0658087f49c3, //20120322, //NxWidgets/libnxwidgets/src/csliderverticalgrip.cxx, //146
NXWidgets::CSliderVerticalGrip::drawContents, //0, //patacongo, //patacongo@42af7a65-404d-4744-a932-0658087f49c3, //20120322, //NxWidgets/libnxwidgets/src/csliderverticalgrip.cxx, //118
NXWidgets::CSliderVerticalGrip::onClick, //0, //patacongo, //patacongo@42af7a65-404d-4744-a932-0658087f49c3, //20120322, //NxWidgets/libnxwidgets/src/csliderverticalgrip.cxx, //172
NXWidgets::CSliderVerticalGrip::onDrag, //0, //patacongo, //patacongo@42af7a65-404d-4744-a932-0658087f49c3, //20120322, //NxWidgets/libnxwidgets/src/csliderverticalgrip.cxx, //211
NXWidgets::CSliderVerticalGrip::onRelease, //0, //patacongo, //patacongo@42af7a65-404d-4744-a932-0658087f49c3, //20120322, //NxWidgets/libnxwidgets/src/csliderverticalgrip.cxx, //185
NXWidgets::CSliderVerticalGrip::onReleaseOutside, //0, //patacongo, //patacongo@42af7a65-404d-4744-a932-0658087f49c3, //20120322, //NxWidgets/libnxwidgets/src/csliderverticalgrip.cxx, //197
NXWidgets::CWidgetEventHandler::handleBlurEvent, //0, //patacongo, //patacongo@42af7a65-404d-4744-a932-0658087f49c3, //20120322, //NxWidgets/libnxwidgets/include/cwidgeteventhandler.hxx, //190
NXWidgets::CWidgetEventHandler::handleCloseEvent, //0, //patacongo, //patacongo@42af7a65-404d-4744-a932-0658087f49c3, //20120322, //NxWidgets/libnxwidgets/include/cwidgeteventhandler.hxx, //198
NXWidgets::CWidgetEventHandler::handleDisableEvent, //0, //patacongo, //patacongo@42af7a65-404d-4744-a932-0658087f49c3, //20120322, //NxWidgets/libnxwidgets/include/cwidgeteventhandler.hxx, //230
NXWidgets::CWidgetEventHandler::handleDoubleClickEvent, //0, //patacongo, //patacongo@42af7a65-404d-4744-a932-0658087f49c3, //20120322, //NxWidgets/libnxwidgets/include/cwidgeteventhandler.hxx, //270
NXWidgets::CWidgetEventHandler::handleDropEvent, //0, //patacongo, //patacongo@42af7a65-404d-4744-a932-0658087f49c3, //20120322, //NxWidgets/libnxwidgets/include/cwidgeteventhandler.hxx, //140
NXWidgets::CWidgetEventHandler::handleEnableEvent, //0, //patacongo, //patacongo@42af7a65-404d-4744-a932-0658087f49c3, //20120322, //NxWidgets/libnxwidgets/include/cwidgeteventhandler.hxx, //222
NXWidgets::CWidgetEventHandler::handleFocusEvent, //0, //patacongo, //patacongo@42af7a65-404d-4744-a932-0658087f49c3, //20120322, //NxWidgets/libnxwidgets/include/cwidgeteventhandler.hxx, //182
NXWidgets::CWidgetEventHandler::handleHideEvent, //0, //patacongo, //patacongo@42af7a65-404d-4744-a932-0658087f49c3, //20120322, //NxWidgets/libnxwidgets/include/cwidgeteventhandler.hxx, //206
NXWidgets::CWidgetEventHandler::handleMoveBackwardEvent, //0, //patacongo, //patacongo@42af7a65-404d-4744-a932-0658087f49c3, //20120322, //NxWidgets/libnxwidgets/include/cwidgeteventhandler.hxx, //310
NXWidgets::CWidgetEventHandler::handleMoveEvent, //0, //patacongo, //patacongo@42af7a65-404d-4744-a932-0658087f49c3, //20120322, //NxWidgets/libnxwidgets/include/cwidgeteventhandler.hxx, //254
NXWidgets::CWidgetEventHandler::handleMoveForwardEvent, //0, //patacongo, //patacongo@42af7a65-404d-4744-a932-0658087f49c3, //20120322, //NxWidgets/libnxwidgets/include/cwidgeteventhandler.hxx, //302
NXWidgets::CWidgetEventHandler::handleResizeEvent, //0, //patacongo, //patacongo@42af7a65-404d-4744-a932-0658087f49c3, //20120322, //NxWidgets/libnxwidgets/include/cwidgeteventhandler.hxx, //246
NXWidgets::CWidgetEventHandler::handleShelveEvent, //0, //patacongo, //patacongo@42af7a65-404d-4744-a932-0658087f49c3, //20120322, //NxWidgets/libnxwidgets/include/cwidgeteventhandler.hxx, //278
NXWidgets::CWidgetEventHandler::handleShowEvent, //0, //patacongo, //patacongo@42af7a65-404d-4744-a932-0658087f49c3, //20120322, //NxWidgets/libnxwidgets/include/cwidgeteventhandler.hxx, //214
NXWidgets::CWidgetEventHandler::handleUnshelveEvent, //0, //patacongo, //patacongo@42af7a65-404d-4744-a932-0658087f49c3, //20120322, //NxWidgets/libnxwidgets/include/cwidgeteventhandler.hxx, //286
NXWidgets::CTextBox::onClick, //0, //patacongo, //patacongo@42af7a65-404d-4744-a932-0658087f49c3, //20120322, //NxWidgets/libnxwidgets/src/ctextbox.cxx, //515
NXWidgets::CTextBox::onDoubleClick, //0, //patacongo, //patacongo@42af7a65-404d-4744-a932-0658087f49c3, //20120322, //NxWidgets/libnxwidgets/src/ctextbox.cxx, //527
NXWidgets::CButtonArray::drawButton, //0, //patacongo, //patacongo@42af7a65-404d-4744-a932-0658087f49c3, //20120322, //NxWidgets/libnxwidgets/src/cbuttonarray.cxx, //436
NXWidgets::CStickyButton::onClick, //0, //patacongo, //patacongo@42af7a65-404d-4744-a932-0658087f49c3, //20120322, //NxWidgets/libnxwidgets/include/cstickybutton.hxx, //146
CRadioButtonTest::connect, //0, //patacongo, //patacongo@42af7a65-404d-4744-a932-0658087f49c3, //20120322, //NxWidgets/UnitTests/CRadioButton/cradiobuttontest.cxx, //104
NXWidgets::CMultiLineTextBox::hideCursor, //0, //patacongo, //patacongo@42af7a65-404d-4744-a932-0658087f49c3, //20120322, //NxWidgets/libnxwidgets/include/cmultilinetextbox.hxx, //561
NXWidgets::CMultiLineTextBox::showCursor, //0, //patacongo, //patacongo@42af7a65-404d-4744-a932-0658087f49c3, //20120322, //NxWidgets/libnxwidgets/include/cmultilinetextbox.hxx, //552
NXWidgets::CListBox::addOption, //0, //patacongo, //patacongo@42af7a65-404d-4744-a932-0658087f49c3, //20120322, //NxWidgets/libnxwidgets/src/clistbox.cxx, //156
NXWidgets::CListBox::allowsMultipleSelections, //0, //patacongo, //patacongo@42af7a65-404d-4744-a932-0658087f49c3, //20120322, //NxWidgets/libnxwidgets/include/clistbox.hxx, //331
NXWidgets::CListBox::deselectAllOptions, //0, //patacongo, //patacongo@42af7a65-404d-4744-a932-0658087f49c3, //20120322, //NxWidgets/libnxwidgets/src/clistbox.cxx, //243
NXWidgets::CListBox::drawBorder, //0, //patacongo, //patacongo@42af7a65-404d-4744-a932-0658087f49c3, //20120322, //NxWidgets/libnxwidgets/src/clistbox.cxx, //582
NXWidgets::CListBox::drawContents, //0, //patacongo, //patacongo@42af7a65-404d-4744-a932-0658087f49c3, //20120322, //NxWidgets/libnxwidgets/src/clistbox.cxx, //446
NXWidgets::CListBox::getOption, //0, //patacongo, //patacongo@42af7a65-404d-4744-a932-0658087f49c3, //20120322, //NxWidgets/libnxwidgets/include/clistbox.hxx, //348
NXWidgets::CListBox::getOptionHeight, //0, //patacongo, //patacongo@42af7a65-404d-4744-a932-0658087f49c3, //20120322, //NxWidgets/libnxwidgets/src/clistbox.cxx, //330
NXWidgets::CListBox::getPreferredDimensions, //0, //patacongo, //patacongo@42af7a65-404d-4744-a932-0658087f49c3, //20120322, //NxWidgets/libnxwidgets/src/clistbox.cxx, //371
NXWidgets::CListBox::getSelectedOption, //0, //patacongo, //patacongo@42af7a65-404d-4744-a932-0658087f49c3, //20120322, //NxWidgets/libnxwidgets/src/clistbox.cxx, //280
NXWidgets::CListBox::handleListDataChangedEvent, //0, //patacongo, //patacongo@42af7a65-404d-4744-a932-0658087f49c3, //20120322, //NxWidgets/libnxwidgets/src/clistbox.cxx, //341
NXWidgets::CListBox::handleListDataSelectionChangedEvent, //0, //patacongo, //patacongo@42af7a65-404d-4744-a932-0658087f49c3, //20120322, //NxWidgets/libnxwidgets/src/clistbox.cxx, //356
NXWidgets::CListBox::resizeCanvas, //0, //patacongo, //patacongo@42af7a65-404d-4744-a932-0658087f49c3, //20120322, //NxWidgets/libnxwidgets/src/clistbox.cxx, //289
NXWidgets::CListBox::selectOption, //0, //patacongo, //patacongo@42af7a65-404d-4744-a932-0658087f49c3, //20120322, //NxWidgets/libnxwidgets/src/clistbox.cxx, //210
NXWidgets::CListBox::setSelectedIndex, //0, //patacongo, //patacongo@42af7a65-404d-4744-a932-0658087f49c3, //20120322, //NxWidgets/libnxwidgets/src/clistbox.cxx, //269
NXWidgets::CListBox::setSortInsertedItems, //0, //patacongo, //patacongo@42af7a65-404d-4744-a932-0658087f49c3, //20120322, //NxWidgets/libnxwidgets/include/clistbox.hxx, //384
NXWidgets::CButtonArray::cursor, //0, //patacongo, //patacongo@42af7a65-404d-4744-a932-0658087f49c3, //20120322, //NxWidgets/libnxwidgets/src/cbuttonarray.cxx, //220
NXWidgets::CButtonArray::drawBorder, //0, //patacongo, //patacongo@42af7a65-404d-4744-a932-0658087f49c3, //20120322, //NxWidgets/libnxwidgets/src/cbuttonarray.cxx, //420
NXWidgets::CButtonArray::getCursorPosition, //0, //patacongo, //patacongo@42af7a65-404d-4744-a932-0658087f49c3, //20120322, //NxWidgets/libnxwidgets/src/cbuttonarray.cxx, //247
NXWidgets::CButtonArray::getPreferredDimensions, //0, //patacongo, //patacongo@42af7a65-404d-4744-a932-0658087f49c3, //20120322, //NxWidgets/libnxwidgets/src/cbuttonarray.cxx, //337
NXWidgets::CButtonArray::getText, //0, //patacongo, //patacongo@42af7a65-404d-4744-a932-0658087f49c3, //20120322, //NxWidgets/libnxwidgets/src/cbuttonarray.cxx, //136
NXWidgets::CButtonArray::onClick, //0, //patacongo, //patacongo@42af7a65-404d-4744-a932-0658087f49c3, //20120322, //NxWidgets/libnxwidgets/src/cbuttonarray.cxx, //534
NXWidgets::CButtonArray::onRelease, //0, //patacongo, //patacongo@42af7a65-404d-4744-a932-0658087f49c3, //20120322, //NxWidgets/libnxwidgets/src/cbuttonarray.cxx, //555
NXWidgets::CButtonArray::onReleaseOutside, //0, //patacongo, //patacongo@42af7a65-404d-4744-a932-0658087f49c3, //20120322, //NxWidgets/libnxwidgets/src/cbuttonarray.cxx, //573
NXWidgets::CButtonArray::onTextChange, //0, //patacongo, //patacongo@42af7a65-404d-4744-a932-0658087f49c3, //20120322, //NxWidgets/libnxwidgets/src/cbuttonarray.cxx, //603
NXWidgets::CButtonArray::posToButton, //0, //patacongo, //patacongo@42af7a65-404d-4744-a932-0658087f49c3, //20120322, //NxWidgets/libnxwidgets/src/cbuttonarray.cxx, //590
NXWidgets::CButtonArray::setFont, //0, //patacongo, //patacongo@42af7a65-404d-4744-a932-0658087f49c3, //20120322, //NxWidgets/libnxwidgets/src/cbuttonarray.cxx, //348
CRadioButtonTest::disconnect, //0, //patacongo, //patacongo@42af7a65-404d-4744-a932-0658087f49c3, //20120322, //NxWidgets/UnitTests/CRadioButton/cradiobuttontest.cxx, //124
NXWidgets::CRadioButtonGroup::getSelectedIndex, //0, //patacongo, //patacongo@42af7a65-404d-4744-a932-0658087f49c3, //20120322, //NxWidgets/libnxwidgets/src/cradiobuttongroup.cxx, //173
NXWidgets::CSliderVertical::setPageSize, //0, //patacongo, //patacongo@42af7a65-404d-4744-a932-0658087f49c3, //20120322, //NxWidgets/libnxwidgets/include/cslidervertical.hxx, //315
NXWidgets::CScollbarPanel::allowsHorizontalScroll, //0, //patacongo, //patacongo@42af7a65-404d-4744-a932-0658087f49c3, //20120322, //NxWidgets/libnxwidgets/src/cscrollbarpanel.cxx, //243
NXWidgets::CScollbarPanel::allowsVerticalScroll, //0, //patacongo, //patacongo@42af7a65-404d-4744-a932-0658087f49c3, //20120322, //NxWidgets/libnxwidgets/src/cscrollbarpanel.cxx, //232
NXWidgets::CScollbarPanel::drawContents, //0, //patacongo, //patacongo@42af7a65-404d-4744-a932-0658087f49c3, //20120322, //NxWidgets/libnxwidgets/src/cscrollbarpanel.cxx, //435
NXWidgets::CScollbarPanel::getCanvasHeight, //0, //patacongo, //patacongo@42af7a65-404d-4744-a932-0658087f49c3, //20120322, //NxWidgets/libnxwidgets/src/cscrollbarpanel.cxx, //287
NXWidgets::CScollbarPanel::getCanvasWidth, //0, //patacongo, //patacongo@42af7a65-404d-4744-a932-0658087f49c3, //20120322, //NxWidgets/libnxwidgets/src/cscrollbarpanel.cxx, //276
NXWidgets::CScollbarPanel::getCanvasX, //0, //patacongo, //patacongo@42af7a65-404d-4744-a932-0658087f49c3, //20120322, //NxWidgets/libnxwidgets/src/cscrollbarpanel.cxx, //254
NXWidgets::CScollbarPanel::getCanvasY, //0, //patacongo, //patacongo@42af7a65-404d-4744-a932-0658087f49c3, //20120322, //NxWidgets/libnxwidgets/src/cscrollbarpanel.cxx, //265
NXWidgets::CScollbarPanel::handleScrollEvent, //0, //patacongo, //patacongo@42af7a65-404d-4744-a932-0658087f49c3, //20120322, //NxWidgets/libnxwidgets/src/cscrollbarpanel.cxx, //298
NXWidgets::CScollbarPanel::handleValueChangeEvent, //0, //patacongo, //patacongo@42af7a65-404d-4744-a932-0658087f49c3, //20120322, //NxWidgets/libnxwidgets/src/cscrollbarpanel.cxx, //326
NXWidgets::CScollbarPanel::jump, //0, //patacongo, //patacongo@42af7a65-404d-4744-a932-0658087f49c3, //20120322, //NxWidgets/libnxwidgets/src/cscrollbarpanel.cxx, //151
NXWidgets::CScollbarPanel::scroll, //0, //patacongo, //patacongo@42af7a65-404d-4744-a932-0658087f49c3, //20120322, //NxWidgets/libnxwidgets/src/cscrollbarpanel.cxx, //139
NXWidgets::CScollbarPanel::setAllowsHorizontalScroll, //0, //patacongo, //patacongo@42af7a65-404d-4744-a932-0658087f49c3, //20120322, //NxWidgets/libnxwidgets/src/cscrollbarpanel.cxx, //185
NXWidgets::CScollbarPanel::setAllowsVerticalScroll, //0, //patacongo, //patacongo@42af7a65-404d-4744-a932-0658087f49c3, //20120322, //NxWidgets/libnxwidgets/src/cscrollbarpanel.cxx, //162
NXWidgets::CScollbarPanel::setCanvasHeight, //0, //patacongo, //patacongo@42af7a65-404d-4744-a932-0658087f49c3, //20120322, //NxWidgets/libnxwidgets/src/cscrollbarpanel.cxx, //220
NXWidgets::CScollbarPanel::setCanvasWidth, //0, //patacongo, //patacongo@42af7a65-404d-4744-a932-0658087f49c3, //20120322, //NxWidgets/libnxwidgets/src/cscrollbarpanel.cxx, //208
NXWidgets::CSliderHorizontal::onClick, //0, //patacongo, //patacongo@42af7a65-404d-4744-a932-0658087f49c3, //20120322, //NxWidgets/libnxwidgets/src/csliderhorizontal.cxx, //357
NXWidgets::CSliderHorizontal::onResize, //0, //patacongo, //patacongo@42af7a65-404d-4744-a932-0658087f49c3, //20120322, //NxWidgets/libnxwidgets/src/csliderhorizontal.cxx, //329
NXWidgets::CBgWindow::drawFilledCircle, //0, //patacongo, //patacongo@42af7a65-404d-4744-a932-0658087f49c3, //20120322, //NxWidgets/libnxwidgets/src/cbgwindow.cxx, //318
NXWidgets::CBgWindow::drawLine, //0, //patacongo, //patacongo@42af7a65-404d-4744-a932-0658087f49c3, //20120322, //NxWidgets/libnxwidgets/src/cbgwindow.cxx, //302
NXWidgets::CBgWindow::fill, //0, //patacongo, //patacongo@42af7a65-404d-4744-a932-0658087f49c3, //20120322, //NxWidgets/libnxwidgets/src/cbgwindow.cxx, //246
NXWidgets::CBgWindow::fillTrapezoid, //0, //patacongo, //patacongo@42af7a65-404d-4744-a932-0658087f49c3, //20120322, //NxWidgets/libnxwidgets/src/cbgwindow.cxx, //283
NXWidgets::CBgWindow::setPixel, //0, //patacongo, //patacongo@42af7a65-404d-4744-a932-0658087f49c3, //20120322, //NxWidgets/libnxwidgets/src/cbgwindow.cxx, //229
NXWidgets::CScrollingPanel::setAllowsHorizontalScroll, //0, //patacongo, //patacongo@42af7a65-404d-4744-a932-0658087f49c3, //20120322, //NxWidgets/libnxwidgets/include/cscrollingpanel.hxx, //312
NXWidgets::CScrollingPanel::setAllowsVerticalScroll, //0, //patacongo, //patacongo@42af7a65-404d-4744-a932-0658087f49c3, //20120322, //NxWidgets/libnxwidgets/include/cscrollingpanel.hxx, //301
NXWidgets::CScrollingPanel::setCanvasHeight, //0, //patacongo, //patacongo@42af7a65-404d-4744-a932-0658087f49c3, //20120322, //NxWidgets/libnxwidgets/include/cscrollingpanel.hxx, //362
NXWidgets::CScrollingPanel::setCanvasWidth, //0, //patacongo, //patacongo@42af7a65-404d-4744-a932-0658087f49c3, //20120322, //NxWidgets/libnxwidgets/include/cscrollingpanel.hxx, //351
NXWidgets::CLatchButtonArray::onClick, //0, //patacongo, //patacongo@42af7a65-404d-4744-a932-0658087f49c3, //20120322, //NxWidgets/libnxwidgets/src/clatchbuttonarray.cxx, //93
NXWidgets::CRadioButton::getState, //0, //patacongo, //patacongo@42af7a65-404d-4744-a932-0658087f49c3, //20120322, //NxWidgets/libnxwidgets/include/cradiobutton.hxx, //190
CThingSayer::Initialize, //0, //patacongo, //patacongo@42af7a65-404d-4744-a932-0658087f49c3, //20111219, //apps/examples/nxflat/tests/hello++/hello++3.cpp, //91
NXWidgets::CNxToolbar::bitmap, //0, //patacongo, //patacongo@42af7a65-404d-4744-a932-0658087f49c3, //20120322, //NxWidgets/libnxwidgets/src/cnxtoolbar.cxx, //356
NXWidgets::CNxToolbar::drawFilledCircle, //0, //patacongo, //patacongo@42af7a65-404d-4744-a932-0658087f49c3, //20120322, //NxWidgets/libnxwidgets/src/cnxtoolbar.cxx, //318
NXWidgets::CNxToolbar::drawLine, //0, //patacongo, //patacongo@42af7a65-404d-4744-a932-0658087f49c3, //20120322, //NxWidgets/libnxwidgets/src/cnxtoolbar.cxx, //302
NXWidgets::CNxToolbar::fill, //0, //patacongo, //patacongo@42af7a65-404d-4744-a932-0658087f49c3, //20120322, //NxWidgets/libnxwidgets/src/cnxtoolbar.cxx, //246
NXWidgets::CNxToolbar::fillTrapezoid, //0, //patacongo, //patacongo@42af7a65-404d-4744-a932-0658087f49c3, //20120322, //NxWidgets/libnxwidgets/src/cnxtoolbar.cxx, //283
NXWidgets::CNxToolbar::getPosition, //0, //patacongo, //patacongo@42af7a65-404d-4744-a932-0658087f49c3, //20120322, //NxWidgets/libnxwidgets/src/cnxtoolbar.cxx, //146
NXWidgets::CNxToolbar::getRectangle, //0, //patacongo, //patacongo@42af7a65-404d-4744-a932-0658087f49c3, //20120322, //NxWidgets/libnxwidgets/src/cnxtoolbar.cxx, //265
NXWidgets::CNxToolbar::getSize, //0, //patacongo, //patacongo@42af7a65-404d-4744-a932-0658087f49c3, //20120322, //NxWidgets/libnxwidgets/src/cnxtoolbar.cxx, //157
NXWidgets::CNxToolbar::lower, //0, //patacongo, //patacongo@42af7a65-404d-4744-a932-0658087f49c3, //20120322, //NxWidgets/libnxwidgets/src/cnxtoolbar.cxx, //210
NXWidgets::CNxToolbar::move, //0, //patacongo, //patacongo@42af7a65-404d-4744-a932-0658087f49c3, //20120322, //NxWidgets/libnxwidgets/src/cnxtoolbar.cxx, //333
NXWidgets::CNxToolbar::open, //0, //patacongo, //patacongo@42af7a65-404d-4744-a932-0658087f49c3, //20120322, //NxWidgets/libnxwidgets/src/cnxtoolbar.cxx, //107
NXWidgets::CNxToolbar::raise, //0, //patacongo, //patacongo@42af7a65-404d-4744-a932-0658087f49c3, //20120322, //NxWidgets/libnxwidgets/src/cnxtoolbar.cxx, //197
NXWidgets::CNxToolbar::requestPosition, //0, //patacongo, //patacongo@42af7a65-404d-4744-a932-0658087f49c3, //20120322, //NxWidgets/libnxwidgets/src/cnxtoolbar.cxx, //129
NXWidgets::CNxToolbar::setPixel, //0, //patacongo, //patacongo@42af7a65-404d-4744-a932-0658087f49c3, //20120322, //NxWidgets/libnxwidgets/src/cnxtoolbar.cxx, //224
NXWidgets::CNxToolbar::setPosition, //0, //patacongo, //patacongo@42af7a65-404d-4744-a932-0658087f49c3, //20120322, //NxWidgets/libnxwidgets/src/cnxtoolbar.cxx, //170
NXWidgets::CNxToolbar::setSize, //0, //patacongo, //patacongo@42af7a65-404d-4744-a932-0658087f49c3, //20120322, //NxWidgets/libnxwidgets/src/cnxtoolbar.cxx, //184
NXWidgets::CText::remove, //0, //patacongo, //patacongo@42af7a65-404d-4744-a932-0658087f49c3, //20120322, //NxWidgets/libnxwidgets/src/ctext.cxx, //176
NXWidgets::CText::setText, //0, //patacongo, //patacongo@42af7a65-404d-4744-a932-0658087f49c3, //20120322, //NxWidgets/libnxwidgets/src/ctext.cxx, //127
NXWidgets::CText::setText, //0, //patacongo, //patacongo@42af7a65-404d-4744-a932-0658087f49c3, //20120322, //NxWidgets/libnxwidgets/src/ctext.cxx, //139
NXWidgets::CNxWidget::isDoubleClick, //0, //patacongo, //patacongo@42af7a65-404d-4744-a932-0658087f49c3, //20120322, //NxWidgets/libnxwidgets/src/cnxwidget.cxx, //885
CThingSayer::SayThing, //0, //patacongo, //patacongo@42af7a65-404d-4744-a932-0658087f49c3, //20111219, //apps/examples/nxflat/tests/hello++/hello++3.cpp, //98
NXWidgets::CKeypad::onClick, //0, //patacongo, //patacongo@42af7a65-404d-4744-a932-0658087f49c3, //20120322, //NxWidgets/libnxwidgets/src/ckeypad.cxx, //130
CListBoxTest::disconnect, //0, //patacongo, //patacongo@42af7a65-404d-4744-a932-0658087f49c3, //20120322, //NxWidgets/UnitTests/CListBox/clistboxtest.cxx, //117
NXWidgets::CListBox::addOption, //0, //patacongo, //patacongo@42af7a65-404d-4744-a932-0658087f49c3, //20120322, //NxWidgets/libnxwidgets/src/clistbox.cxx, //143
NXWidgets::CListBox::addOption, //0, //patacongo, //patacongo@42af7a65-404d-4744-a932-0658087f49c3, //20120322, //NxWidgets/libnxwidgets/src/clistbox.cxx, //192
NXWidgets::CScrollingListBox::addOption, //0, //patacongo, //patacongo@42af7a65-404d-4744-a932-0658087f49c3, //20120322, //NxWidgets/libnxwidgets/src/cscrollinglistbox.cxx, //145
NXWidgets::CScrollingListBox::addOption, //0, //patacongo, //patacongo@42af7a65-404d-4744-a932-0658087f49c3, //20120322, //NxWidgets/libnxwidgets/src/cscrollinglistbox.cxx, //157
NXWidgets::CScrollingListBox::addOption, //0, //patacongo, //patacongo@42af7a65-404d-4744-a932-0658087f49c3, //20120322, //NxWidgets/libnxwidgets/src/cscrollinglistbox.cxx, //174
NXWidgets::CScrollingListBox::drawContents, //0, //patacongo, //patacongo@42af7a65-404d-4744-a932-0658087f49c3, //20120322, //NxWidgets/libnxwidgets/src/cscrollinglistbox.cxx, //383
NXWidgets::CScrollingListBox::getPreferredDimensions, //0, //patacongo, //patacongo@42af7a65-404d-4744-a932-0658087f49c3, //20120322, //NxWidgets/libnxwidgets/src/cscrollinglistbox.cxx, //363
NXWidgets::CScrollingListBox::handleActionEvent, //0, //patacongo, //patacongo@42af7a65-404d-4744-a932-0658087f49c3, //20120322, //NxWidgets/libnxwidgets/src/cscrollinglistbox.cxx, //247
NXWidgets::CScrollingListBox::handleClickEvent, //0, //patacongo, //patacongo@42af7a65-404d-4744-a932-0658087f49c3, //20120322, //NxWidgets/libnxwidgets/src/cscrollinglistbox.cxx, //291
NXWidgets::CScrollingListBox::handleDoubleClickEvent, //0, //patacongo, //patacongo@42af7a65-404d-4744-a932-0658087f49c3, //20120322, //NxWidgets/libnxwidgets/src/cscrollinglistbox.cxx, //302
NXWidgets::CScrollingListBox::handleReleaseEvent, //0, //patacongo, //patacongo@42af7a65-404d-4744-a932-0658087f49c3, //20120322, //NxWidgets/libnxwidgets/src/cscrollinglistbox.cxx, //314
NXWidgets::CScrollingListBox::handleReleaseOutsideEvent, //0, //patacongo, //patacongo@42af7a65-404d-4744-a932-0658087f49c3, //20120322, //NxWidgets/libnxwidgets/src/cscrollinglistbox.cxx, //326
NXWidgets::CScrollingListBox::handleScrollEvent, //0, //patacongo, //patacongo@42af7a65-404d-4744-a932-0658087f49c3, //20120322, //NxWidgets/libnxwidgets/src/cscrollinglistbox.cxx, //266
NXWidgets::CScrollingListBox::handleValueChangeEvent, //0, //patacongo, //patacongo@42af7a65-404d-4744-a932-0658087f49c3, //20120322, //NxWidgets/libnxwidgets/src/cscrollinglistbox.cxx, //221
NXWidgets::CScrollingListBox::onResize, //0, //patacongo, //patacongo@42af7a65-404d-4744-a932-0658087f49c3, //20120322, //NxWidgets/libnxwidgets/src/cscrollinglistbox.cxx, //395
NXWidgets::CScrollingListBox::removeAllOptions, //0, //patacongo, //patacongo@42af7a65-404d-4744-a932-0658087f49c3, //20120322, //NxWidgets/libnxwidgets/src/cscrollinglistbox.cxx, //208
NXWidgets::CScrollingListBox::removeOption, //0, //patacongo, //patacongo@42af7a65-404d-4744-a932-0658087f49c3, //20120322, //NxWidgets/libnxwidgets/src/cscrollinglistbox.cxx, //191
NXWidgets::CScrollingListBox::setFont, //0, //patacongo, //patacongo@42af7a65-404d-4744-a932-0658087f49c3, //20120322, //NxWidgets/libnxwidgets/src/cscrollinglistbox.cxx, //347
NXWidgets::CListData::addItem, //0, //patacongo, //patacongo@42af7a65-404d-4744-a932-0658087f49c3, //20120322, //NxWidgets/libnxwidgets/src/clistdata.cxx, //119
NXWidgets::CListData::setItemSelected, //0, //patacongo, //patacongo@42af7a65-404d-4744-a932-0658087f49c3, //20120322, //NxWidgets/libnxwidgets/src/clistdata.cxx, //317
NXWidgets::CCycleButton::calculateTextPosition, //0, //patacongo, //patacongo@42af7a65-404d-4744-a932-0658087f49c3, //20120322, //NxWidgets/libnxwidgets/include/ccyclebutton.hxx, //180
NXWidgets::CCycleButton::getOption, //0, //patacongo, //patacongo@42af7a65-404d-4744-a932-0658087f49c3, //20120322, //NxWidgets/libnxwidgets/include/ccyclebutton.hxx, //291
NXWidgets::CCycleButton::getOptionCount, //0, //patacongo, //patacongo@42af7a65-404d-4744-a932-0658087f49c3, //20120322, //NxWidgets/libnxwidgets/include/ccyclebutton.hxx, //308
NXWidgets::CCycleButton::onResize, //0, //patacongo, //patacongo@42af7a65-404d-4744-a932-0658087f49c3, //20120322, //NxWidgets/libnxwidgets/include/ccyclebutton.hxx, //174
NXWidgets::CCycleButton::setSortInsertedItems, //0, //patacongo, //patacongo@42af7a65-404d-4744-a932-0658087f49c3, //20120322, //NxWidgets/libnxwidgets/include/ccyclebutton.hxx, //320
NXWidgets::CCheckBox::onClick, //0, //patacongo, //patacongo@42af7a65-404d-4744-a932-0658087f49c3, //20120322, //NxWidgets/libnxwidgets/src/ccheckbox.cxx, //255
CButtonTest::disconnect, //0, //patacongo, //patacongo@42af7a65-404d-4744-a932-0658087f49c3, //20120322, //NxWidgets/UnitTests/CButton/cbuttontest.cxx, //126
CSliderHorizontalTest::disconnect, //0, //patacongo, //patacongo@42af7a65-404d-4744-a932-0658087f49c3, //20120322, //NxWidgets/UnitTests/CSliderHorizonal/csliderhorizontaltest.cxx, //117
NXWidgets::CScrollingListBox::allowsMultipleSelections, //0, //patacongo, //patacongo@42af7a65-404d-4744-a932-0658087f49c3, //20120322, //NxWidgets/libnxwidgets/include/cscrollinglistbox.hxx, //320
NXWidgets::CScrollingListBox::deselectAllOptions, //0, //patacongo, //patacongo@42af7a65-404d-4744-a932-0658087f49c3, //20120322, //NxWidgets/libnxwidgets/include/cscrollinglistbox.hxx, //261
NXWidgets::CScrollingListBox::deselectOption, //0, //patacongo, //patacongo@42af7a65-404d-4744-a932-0658087f49c3, //20120322, //NxWidgets/libnxwidgets/include/cscrollinglistbox.hxx, //241
NXWidgets::CScrollingListBox::getOption, //0, //patacongo, //patacongo@42af7a65-404d-4744-a932-0658087f49c3, //20120322, //NxWidgets/libnxwidgets/include/cscrollinglistbox.hxx, //340
NXWidgets::CScrollingListBox::getOption, //0, //patacongo, //patacongo@42af7a65-404d-4744-a932-0658087f49c3, //20120322, //NxWidgets/libnxwidgets/include/cscrollinglistbox.hxx, //351
NXWidgets::CScrollingListBox::getOptionCount, //0, //patacongo, //patacongo@42af7a65-404d-4744-a932-0658087f49c3, //20120322, //NxWidgets/libnxwidgets/include/cscrollinglistbox.hxx, //371
NXWidgets::CScrollingListBox::getOptionHeight, //0, //patacongo, //patacongo@42af7a65-404d-4744-a932-0658087f49c3, //20120322, //NxWidgets/libnxwidgets/include/cscrollinglistbox.hxx, //382
NXWidgets::CScrollingListBox::getSelectedIndex, //0, //patacongo, //patacongo@42af7a65-404d-4744-a932-0658087f49c3, //20120322, //NxWidgets/libnxwidgets/include/cscrollinglistbox.hxx, //273
NXWidgets::CScrollingListBox::getSelectedOption, //0, //patacongo, //patacongo@42af7a65-404d-4744-a932-0658087f49c3, //20120322, //NxWidgets/libnxwidgets/include/cscrollinglistbox.hxx, //297
NXWidgets::CScrollingListBox::resizeCanvas, //0, //patacongo, //patacongo@42af7a65-404d-4744-a932-0658087f49c3, //20120322, //NxWidgets/libnxwidgets/include/cscrollinglistbox.hxx, //329
NXWidgets::CScrollingListBox::selectAllOptions, //0, //patacongo, //patacongo@42af7a65-404d-4744-a932-0658087f49c3, //20120322, //NxWidgets/libnxwidgets/include/cscrollinglistbox.hxx, //251
NXWidgets::CScrollingListBox::selectOption, //0, //patacongo, //patacongo@42af7a65-404d-4744-a932-0658087f49c3, //20120322, //NxWidgets/libnxwidgets/include/cscrollinglistbox.hxx, //229
NXWidgets::CScrollingListBox::setAllowMultipleSelections, //0, //patacongo, //patacongo@42af7a65-404d-4744-a932-0658087f49c3, //20120322, //NxWidgets/libnxwidgets/include/cscrollinglistbox.hxx, //309
NXWidgets::CScrollingListBox::setSelectedIndex, //0, //patacongo, //patacongo@42af7a65-404d-4744-a932-0658087f49c3, //20120322, //NxWidgets/libnxwidgets/include/cscrollinglistbox.hxx, //286
NXWidgets::CScrollingListBox::setSortInsertedItems, //0, //patacongo, //patacongo@42af7a65-404d-4744-a932-0658087f49c3, //20120322, //NxWidgets/libnxwidgets/include/cscrollinglistbox.hxx, //460
NXWidgets::CScrollingListBox::sort, //0, //patacongo, //patacongo@42af7a65-404d-4744-a932-0658087f49c3, //20120322, //NxWidgets/libnxwidgets/include/cscrollinglistbox.hxx, //360
NXWidgets::CProgressBar::drawBorder, //0, //patacongo, //patacongo@42af7a65-404d-4744-a932-0658087f49c3, //20120322, //NxWidgets/libnxwidgets/src/cprogressbar.cxx, //221
NXWidgets::CProgressBar::drawContents, //0, //patacongo, //patacongo@42af7a65-404d-4744-a932-0658087f49c3, //20120322, //NxWidgets/libnxwidgets/src/cprogressbar.cxx, //152
NXWidgets::CScrollingPanel::onDrag, //0, //patacongo, //patacongo@42af7a65-404d-4744-a932-0658087f49c3, //20120322, //NxWidgets/libnxwidgets/src/cscrollingpanel.cxx, //279
NXWidgets::CRadioButtonGroup::drawContents, //0, //patacongo, //patacongo@42af7a65-404d-4744-a932-0658087f49c3, //20120322, //NxWidgets/libnxwidgets/src/cradiobuttongroup.cxx, //341
NXWidgets::CRadioButtonGroup::getPreferredDimensions, //0, //patacongo, //patacongo@42af7a65-404d-4744-a932-0658087f49c3, //20120322, //NxWidgets/libnxwidgets/src/cradiobuttongroup.cxx, //238
NXWidgets::CRadioButtonGroup::getSelectedWidget, //0, //patacongo, //patacongo@42af7a65-404d-4744-a932-0658087f49c3, //20120322, //NxWidgets/libnxwidgets/src/cradiobuttongroup.cxx, //162
NXWidgets::CRadioButtonGroup::handleClickEvent, //0, //patacongo, //patacongo@42af7a65-404d-4744-a932-0658087f49c3, //20120322, //NxWidgets/libnxwidgets/src/cradiobuttongroup.cxx, //285
NXWidgets::CRadioButtonGroup::handleDoubleClickEvent, //0, //patacongo, //patacongo@42af7a65-404d-4744-a932-0658087f49c3, //20120322, //NxWidgets/libnxwidgets/src/cradiobuttongroup.cxx, //296
NXWidgets::CRadioButtonGroup::handleReleaseEvent, //0, //patacongo, //patacongo@42af7a65-404d-4744-a932-0658087f49c3, //20120322, //NxWidgets/libnxwidgets/src/cradiobuttongroup.cxx, //307
NXWidgets::CRadioButtonGroup::handleReleaseOutsideEvent, //0, //patacongo, //patacongo@42af7a65-404d-4744-a932-0658087f49c3, //20120322, //NxWidgets/libnxwidgets/src/cradiobuttongroup.cxx, //319
NXWidgets::CRadioButtonGroup::setSelectedIndex, //0, //patacongo, //patacongo@42af7a65-404d-4744-a932-0658087f49c3, //20120322, //NxWidgets/libnxwidgets/src/cradiobuttongroup.cxx, //220
NXWidgets::CNxTkWindow::bitmap, //0, //patacongo, //patacongo@42af7a65-404d-4744-a932-0658087f49c3, //20120322, //NxWidgets/libnxwidgets/src/cnxtkwindow.cxx, //379
NXWidgets::CNxTkWindow::drawFilledCircle, //0, //patacongo, //patacongo@42af7a65-404d-4744-a932-0658087f49c3, //20120322, //NxWidgets/libnxwidgets/src/cnxtkwindow.cxx, //341
NXWidgets::CNxTkWindow::drawLine, //0, //patacongo, //patacongo@42af7a65-404d-4744-a932-0658087f49c3, //20120322, //NxWidgets/libnxwidgets/src/cnxtkwindow.cxx, //325
NXWidgets::CNxTkWindow::fill, //0, //patacongo, //patacongo@42af7a65-404d-4744-a932-0658087f49c3, //20120322, //NxWidgets/libnxwidgets/src/cnxtkwindow.cxx, //269
NXWidgets::CNxTkWindow::fillTrapezoid, //0, //patacongo, //patacongo@42af7a65-404d-4744-a932-0658087f49c3, //20120322, //NxWidgets/libnxwidgets/src/cnxtkwindow.cxx, //306
NXWidgets::CNxTkWindow::getPosition, //0, //patacongo, //patacongo@42af7a65-404d-4744-a932-0658087f49c3, //20120322, //NxWidgets/libnxwidgets/src/cnxtkwindow.cxx, //168
NXWidgets::CNxTkWindow::getRectangle, //0, //patacongo, //patacongo@42af7a65-404d-4744-a932-0658087f49c3, //20120322, //NxWidgets/libnxwidgets/src/cnxtkwindow.cxx, //288
NXWidgets::CNxTkWindow::getSize, //0, //patacongo, //patacongo@42af7a65-404d-4744-a932-0658087f49c3, //20120322, //NxWidgets/libnxwidgets/src/cnxtkwindow.cxx, //179
NXWidgets::CNxTkWindow::lower, //0, //patacongo, //patacongo@42af7a65-404d-4744-a932-0658087f49c3, //20120322, //NxWidgets/libnxwidgets/src/cnxtkwindow.cxx, //231
NXWidgets::CNxTkWindow::move, //0, //patacongo, //patacongo@42af7a65-404d-4744-a932-0658087f49c3, //20120322, //NxWidgets/libnxwidgets/src/cnxtkwindow.cxx, //356
NXWidgets::CNxTkWindow::open, //0, //patacongo, //patacongo@42af7a65-404d-4744-a932-0658087f49c3, //20120322, //NxWidgets/libnxwidgets/src/cnxtkwindow.cxx, //102
NXWidgets::CNxTkWindow::raise, //0, //patacongo, //patacongo@42af7a65-404d-4744-a932-0658087f49c3, //20120322, //NxWidgets/libnxwidgets/src/cnxtkwindow.cxx, //218
NXWidgets::CNxTkWindow::requestPosition, //0, //patacongo, //patacongo@42af7a65-404d-4744-a932-0658087f49c3, //20120322, //NxWidgets/libnxwidgets/src/cnxtkwindow.cxx, //154
NXWidgets::CNxTkWindow::setPixel, //0, //patacongo, //patacongo@42af7a65-404d-4744-a932-0658087f49c3, //20120322, //NxWidgets/libnxwidgets/src/cnxtkwindow.cxx, //247
NXWidgets::CNxTkWindow::setPosition, //0, //patacongo, //patacongo@42af7a65-404d-4744-a932-0658087f49c3, //20120322, //NxWidgets/libnxwidgets/src/cnxtkwindow.cxx, //191
NXWidgets::CNxTkWindow::setSize, //0, //patacongo, //patacongo@42af7a65-404d-4744-a932-0658087f49c3, //20120322, //NxWidgets/libnxwidgets/src/cnxtkwindow.cxx, //205
NXWidgets::CListBox::isDoubleClick, //0, //patacongo, //patacongo@42af7a65-404d-4744-a932-0658087f49c3, //20120322, //NxWidgets/libnxwidgets/src/clistbox.cxx, //416
NXWidgets::CListBox::onClick, //0, //patacongo, //patacongo@42af7a65-404d-4744-a932-0658087f49c3, //20120322, //NxWidgets/libnxwidgets/src/clistbox.cxx, //601
NXWidgets::CListBox::onDoubleClick, //0, //patacongo, //patacongo@42af7a65-404d-4744-a932-0658087f49c3, //20120322, //NxWidgets/libnxwidgets/src/clistbox.cxx, //636
NXWidgets::CListBox::setOptionSelected, //0, //patacongo, //patacongo@42af7a65-404d-4744-a932-0658087f49c3, //20120322, //NxWidgets/libnxwidgets/src/clistbox.cxx, //658
NXWidgets::CStickyButton::onRelease, //0, //patacongo, //patacongo@42af7a65-404d-4744-a932-0658087f49c3, //20120322, //NxWidgets/libnxwidgets/include/cstickybutton.hxx, //156
NXWidgets::CStickyButton::onReleaseOutside, //0, //patacongo, //patacongo@42af7a65-404d-4744-a932-0658087f49c3, //20120322, //NxWidgets/libnxwidgets/include/cstickybutton.hxx, //166
NXWidgets::CLabel::isHighlighted, //0, //patacongo, //patacongo@42af7a65-404d-4744-a932-0658087f49c3, //20120322, //NxWidgets/libnxwidgets/include/clabel.hxx, //317
CThingSayer::SayThing, //0, //patacongo, //patacongo@42af7a65-404d-4744-a932-0658087f49c3, //20111219, //apps/examples/nxflat/tests/hello++/hello++4.cpp, //115
NXWidgets::CRlePaletteBitmap::getRun, //0, //patacongo, //patacongo@42af7a65-404d-4744-a932-0658087f49c3, //20120322, //NxWidgets/libnxwidgets/src/crlepalettebitmap.cxx, //177
NXWidgets::CLatchButton::onClick, //0, //patacongo, //patacongo@42af7a65-404d-4744-a932-0658087f49c3, //20120322, //NxWidgets/libnxwidgets/src/clatchbutton.cxx, //126
